2.8639738438902236
73.14165344078329
46.43409377022704
48.180232612351595
58.57544517772673
40.56663475421832
57.848610185770106
51.52992342398984
33.02030088119929
60.620021581123574
50.974894864032805
62.03589396916282
56.95798778979388
50.28334665628077
36.61622171860781
61.12058480585262
54.111675673035194
55.8859033419363
57.15167482592444
50.1002004017352
38.38226432408876
56.22779002199378
56.09122677452087
54.83297874694654
49.85840213787781
37.218442482287244
51.82394369536167
33.16331606593195
65.06180872181321
62.631918480292654
56.4165345574212
43.282923155176455
63.215121056188295
59.233284369594465
53.71780959827178
38.63823408036756
42.51483767710834
61.991284022470666
62.765182899098534
47.642642071116555
46.60527199007428
50.280565555479924
60.20940832294644
48.8176368358679
42.36498279765544
52.01289919806975
48.69284069265295
60.447431890147286
51.96019848884959
47.79063877084456
42.79136641361739
62.03089138172858
46.75606426197607
40.84450090062517
47.086299770330925
55.28129889031146
57.45178359034022
56.87602732536305
50.866252274145715
48.22275052999273
41.63492003920951
61.9912840294609
48.766928219279876
54.2261120401355
50.05932029441619
41.9811756407623
57.602691196766145
50.7539499282797
52.61717845694729
49.94331433702493
45.62460078397519
52.787998123535615
48.37461300178807
52.16973946317236
51.29467766381165
42.47276434014931
59.30881507164185
48.449377668724665
47.93128570591652
55.24098881318643
40.498290974651006
61.19014838246365
50.02451200990165
48.50036860309379
52.68981505763994
40.67405036413247
63.09506533416027
47.70468889579387
56.087766136289694
46.49821911678451
41.753130442102005
57.462017605942286
53.59056806080546
53.83029461328668
48.54722430975753
41.142443368039274
62.23046430227211
49.23804131141491
53.58338914771752
49.71883996142326
40.292523722162294
61.795149082482
47.03071576028765
56.5096264098843
50.026263791740064
47.236655644816715
50.87505087402701
48.7878654807159
53.319967793318725
49.79310963352176
47.63923758124707
49.371013291291575
50.95385618802677
52.91509243766602
35.60847766769933
67.92739919350352
45.87471615033763
58.21840051019226
53.64432737761942
50.81765608573001
44.80427253875343
52.96666278266244
49.6812944943809
53.12113211685016
50.28562233625257
49.71439082370379
47.36979228379808
51.38059662849442
52.373021610179904
49.87531172275433
48.57033226705063
44.42509484921488
54.02105740618674
31.613855720978044
59.69864126070842
58.35122771036977
63.55945669114868
52.60361597554308
55.245566538769644
49.76362279209672
47.14935028160281
48.107452807123764
53.255509286049254
48.92918478866949
53.63857257061108
49.85119418467464
46.193430368891995
49.67216372031878
54.743826268867245
50.09242051232597
50.05681448801655
43.298478057303726
58.81522608603948
50.137125035788785
49.78368986746639
50.04654328808764
35.753486857358766
58.457653274062814
52.76209571357743
62.35735754459053
37.113601021723184
64.78740014598179
45.34098689147655
62.435223453669
51.54931465201601
50.01250312437357
41.6847300523671
54.11460390592224
56.84498939942945
45.846533314168056
55.773381597414115
42.54088178707653
55.32350419037989
50.87272153805486
48.88302292486341
49.18234353813177
46.29843974323148
53.846526632216396
53.570471955060796
41.45266727079016
57.73838736461666
42.020514416182074
48.59086491660117
58.24824236081609
56.597579889007804
49.48608698354579
46.45695995213761
49.7346655596997
52.62133163231261
54.08738358036401
50.003750281449236
43.26288692942916
55.401048192527995
51.10854432499316
51.60304870613845
49.86884494039433
43.576972183162155
58.754061374210885
49.429826946282354
50.876086206592
50.45052316914558
42.46573015825788
59.86303337856009
49.53584909525074
50.76992592390134
49.715379454657594
42.87668237237218
59.630292187796314
49.30164223697108
22.096419938466255
40.65123274784512
57.54766385469664
64.16467221374668
59.43006567270522
35.04812107026337
52.27446183200299
57.819176307631984
51.75072709812191
64.36041834486512
33.316563994970494
60.804689262904304
58.9605259243971
46.52439506769519
62.00819748364012
48.29028254463657
46.368209956097665
50.314212253718715
55.23275081527875
53.40739158423466
50.24570147638891
40.50075128931599
61.42883469694664
51.36027693530191
50.81378272841608
50.07837265222288
42.377909245030764
58.35905995049698
50.64522010590574
51.664367601686706
50.019007220808
41.690986411639464
59.59795221312233
50.17007655760652
49.53830301798421
51.85753697291057
42.072490903101865
58.22280703706004
50.92142315058498
50.80990996621315
50.5752939693637
41.43737982971303
60.33328104361605
50.15648824319738
51.83656966335641
49.87929211377502
43.052416317147376
56.40539686986301
51.183359263462876
50.40627457565279
50.64316823675626
41.65312939853981
59.19927066356693
50.41440642057914
45.16854643253107
59.10619610525029
39.89738392863135
62.87291497314634
50.71996997470053
48.83241691147451
52.7723979255358
40.20116663751074
62.07440237863162
51.44376938991488
26.828640109282293
37.65896791719879
59.257503483083376
51.56552947760005
46.76852852167503
55.6483027243298
40.65867046320603
60.315086008898966
51.16267171161204
51.10749951457825
48.571983681213105
44.652425520423506
55.12253740101615
51.76197772001237
52.15477450756747
46.635048103188815
44.824958537013465
57.64320012540041
50.13084149299137
51.915688921734485
49.98250612493472
42.58272759271933
53.91242465993992
54.97223901619835
50.21315484304357
50.50683609986099
42.92490288321761
54.73214089907171
51.9553391936063
50.247468784182686
44.8199359058916
50.395097565566545
46.25090189350219
59.07232815746512
49.069158069411024
54.85583886015507
42.38006441606848
56.254043256941834
51.28310324548967
48.34444449685063
53.62735424468207
43.8022067533673
55.25899892578467
48.12365855482866
45.38028680279814
40.81549356184966
61.86357843804215
49.48339337184694
57.32728721375653
59.675840835732544
49.9630273588708
38.17187267434706
63.403499870571785
50.36463999313353
54.78101290430473
47.8084601848338
39.18710274153456
64.30909523065256
49.661803123491204
51.52514427010602
53.5561268204739
29.67940308729061
62.806969065319315
59.15479626842381
62.46174218421949
57.18795392824418
47.888591977309424
47.605219436723644
50.64624610049932
52.67482775419823
52.06597800663307
44.038507271746624
52.27254906878973
49.45940866631763
54.35550675328904
49.140049142775936
38.51635019058616
60.08279408768039
48.74078189874138
33.38719801329646
57.8054730208125
62.15735756636539
61.08362348163383
61.55361320001991
49.05014395989168
50.38291011711471
50.72640208085419
42.847471570724245
59.77715077778748
49.63665965096311
50.40297175976626
48.751474730525906
43.701900596106384
59.75536155523384
49.7415924265432
51.01233988136324
49.271763339391136
42.62447412016123
56.170308378712285
52.89298163000243
50.84711289891909
49.664022886882364
42.190710449994896
21.981838604921993
52.75652861660476
83.45155636924493
38.84762408145068
59.53727628369138
57.781090561611656
49.017685580810365
51.13023382065217
41.932413336247535
61.282019855541
49.69018171587995
50.209625186525315
49.53977548564996
36.00943447083321
60.1185537884002
34.13330420602529
46.05896468684852
59.447377181065505
58.822145363938795
62.904554918526024
58.99774628760395
56.53518467004315
50.09041319526459
41.25616779605918
56.49079200348916
54.105820163193066
51.23160785489418
50.156991382162225
41.946308725120005
61.06721057020236
49.80699788472021
50.455868770627596
50.19677134344342
42.013629221317466
60.42770731427207
50.429152085329775
50.431695309197316
50.1152651112196
41.271492130590616
62.15388057911788
48.939720945352484
52.07845097911945
49.74282957073934
42.22331064468548
60.60495869702693
49.98300577937351
45.687551966620326
56.150753547093686
42.006746282405345
58.36382843725642
51.19200585270621
51.16005423042776
49.49759936633832
42.47655294237142
52.78911277451986
55.81571882386142
49.655638150089686
51.73787522889161
41.36829781770337
51.82018396411333
58.42862067003569
45.89387500394465
57.557932060589565
42.7304775114718
56.289508201243926
49.61375690243495
53.155015973563124
50.01500450078924
45.49466347502015
53.90806518670968
50.35196020171131
51.22819599908125
49.60563520091157
43.267005015747884
56.990123609872796
50.147181976751895
52.03184348877359
49.74357188769641
43.37905485795547
55.76405114514361
49.43715795925209
53.02086370902417
50.191228579709744
46.38778331459673
51.135201469810184
50.21365911954513
52.577341268122744
47.19875395631998
42.75239947758046
51.908412795521635
43.43218498733288
59.60612273728429
61.2553675036453
47.8384209484463
49.19395701419313
50.53108167149596
53.23878125783218
49.65662444117953
46.81932889209703
48.65020019508495
50.706082192652
54.39956480238431
47.141348623110495
49.51671684196039
49.77675127174932
46.05408591633631
59.262419922469604
50.13436008564784
47.838192100509374
50.02576326752293
49.23585945847662
53.33418668371362
50.12581579720797
42.122112001430885
55.63777582615759
50.84426908805828
53.906612185635936
50.074611168391726
49.33301760129163
46.30637222243801
51.11742695285546
52.54253318100739
49.71587378263177
49.61966526138958
46.53998482965936
52.021557734540046
52.4945405689882
50.927128371651015
43.72865494938047
52.99192402933557
50.499184439815025
53.93132385058069
49.1617914569811
32.21296636293879
60.05176461852638
62.931473921108584
58.7019817773056
51.528330275800464
51.500996543533795
43.77018900167496
57.6741181617728
45.24579779521005
56.69802067377552
49.371744552342854
45.8541014201538
50.70582508599758
48.997030779785156
55.52224220896208
38.5573386169364
61.75202855371831
53.07010560997935
52.73899996244793
49.72625695487129
47.01877459810946
49.11253646561573
48.01136909213738
57.38419868787519
15.026747610590485
60.323454366034014
59.64167283156329
49.966272762465614
48.04066161661494
44.94664832795113
52.7737904257414
53.082782599100405
50.063079481284824
46.94306744686828
47.89868470155607
49.716862468071795
55.274881990201955
51.74644243396094
46.42568640371366
47.4001042785748
51.61716580358303
52.82173720231858
49.78096376118098
52.01695752859643
42.349373864242295
59.812905227426626
49.956288250066756
51.59878845993169
48.12064808883757
46.3626206020636
53.468501704718044
46.65332381583797
53.76459708806339
51.1195174330724
45.71156913859396
27.76674820850007
64.947295270003
58.759930428691675
30.39698461960886
46.2100802679989
50.07260527380907
40.11826865809539
56.687735607765525
49.06843574862123
53.94005102332437
48.780725760168565
60.582194892535576
38.46316575118431
53.27792429088624
48.086170415768
56.401261131132074
45.1361305692479
50.4711481695727
50.30484737563059
48.93325503844913
56.27588691065181
48.78120167594823
46.77881106833099
49.38442316596512
51.79710040077503
60.27255248206058
46.10015719874153
46.29329580537027
44.051893130688086
61.759656124397445
61.7470716416426
34.297081319518995
65.94087741084059
53.212151525135546
44.569238312458175
58.80381284070363
60.46643810127698
53.60550635718372
38.93868714262658
62.473839081028665
56.94468962359314
50.351199616051744
37.32931172194788
64.70607267049516
48.075767408501186
58.20687889003932
49.835045996118374
33.13716133858365
57.81717053981442
59.48026148056583
56.850806426975645
45.320643551041435
61.71315724679528
42.17807583770317
60.078462469259605
50.52367792417005
51.45700509628374
37.41548776752368
59.4519717268303
54.453477671261936
53.96537581313007
51.19829612203552
43.76712388678812
46.549950423065866
54.98009720657411
31.541960268556736
59.54223926509004
59.9351501673692
64.09188212795569
58.56652571538875
50.410848415023764
39.121947019312536
58.04403220532105
50.41237321106888
57.132736487053876
50.522401634963906
51.71700454787746
42.17380669351117
47.82835360604727
49.970017987056536
58.87409186847738
53.9819808123182
50.10220850787765
43.0296302019918
57.81449640729459
46.75059957900666
55.25655618626373
50.391796218811336
39.61949437348445
62.31228424680509
42.85187819799893
57.281642376451984
55.08124483688737
41.01318984351385
58.053804263012495
52.65679878240141
51.93995740818313
48.20159836535351
42.63719583751591
58.5414971418277
52.00099842109679
52.96778499172346
50.21693716599984
47.8615461195955
49.580548561290186
48.75290079822479
52.905854033787534
50.761163645048676
41.39809651718803
57.21707586450643
51.16188644151523
53.45249676289901
49.9797581972596
48.47215759624737
48.56655803816983
49.47360088636821
53.80046483548459
50.49510449802591
47.90189691814758
47.59253177855548
52.14280872614432
50.03702739897578
51.77752234173024
38.36974622172678
59.00784214461826
53.90399698319026
52.024534769667184
52.7331596658842
49.16783440168315
45.08505295158129
52.40788005073422
49.615972372706494
54.45140212389117
50.017756305678425
42.44806479186175
54.31299492793401
55.99041443649979
49.88999256708137
49.950299454116426
45.5103991245465
52.05838868943048
53.22234699763083
49.44571355213152
49.615726202059825
45.877873103015645
52.48544840655566
53.57391593113571
48.994870237951815
51.73359269250084
42.859775672112654
58.73991141890869
50.05230465950606
43.14975986967546
59.27120131249614
43.22156237168117
59.206631139935446
50.41288150153861
48.52343196569108
51.5862780510982
41.699331142762965
60.81319402661796
49.68993480830212
51.119256111912186
49.1847625608398
42.64992515099528
61.295166873876035
48.766452581965524
50.012253003222774
51.82098957244219
42.93098415006826
57.40923599760134
51.767604865573176
49.344215378036225
50.772761429007176
41.08851699418909
51.07252298228917
61.786749213993566
43.82697111621791
58.47371898929259
42.579645224698346
60.99941440937351
47.47751939291588
27.629117774804335
82.0849579276665
61.78369528756577
55.921843628647956
49.9109090288171
60.33801354734836
46.20901260654663
46.270590415644556
47.33839853984569
52.952358761257784
54.10904054183183
43.60433427013637
52.113461428791815
47.178045224526834
59.226969591902474
50.414914747426934
52.13030491049617
41.85834299679972
47.48292988524596
62.65232346175655
54.96468518960801
45.05214786102003
47.54863036359384
50.13963889398429
57.6741181617728
51.29178357064778
39.04861943450436
57.32268659882412
52.42354026771682
52.64737315796925
52.94563013571521
50.007501122068
41.19176000037524
58.52573669269387
49.03282747947824
53.327360666916675
46.83621376176719
47.22617085619687
51.81105544433319
47.11158850752986
61.17480087126879
50.134108744159875
42.198188009073725
58.96261180759394
50.069346042973066
51.27731799250375
49.95553957090506
42.318011390906904
59.62389248856872
49.496619377798304
50.79545685832957
50.60626302995947
41.82910301498877
61.16020916775032
49.43080429172067
51.47581151653785
48.843627126170766
43.59577992837481
60.15471793394399
48.73294346970678
51.992076410395704
49.99325090866065
43.66964784929212
55.61858995402257
49.78542481865643
52.01776927168408
50.14190158007586
45.06128334831369
55.01427620260272
48.21414795825896
52.60472285336019
34.87346164402455
57.81616771417069
56.868911473052385
57.521513047564966
46.50665277653785
57.850952803397995
43.3894069110809
44.64325574309536
44.12166991500114
63.043752363355985
57.5615764960476
42.117144628924784
61.886549572373
50.54002011647118
41.909040619342285
58.695090738678815
47.10892525991043
56.901594379320464
48.276761016799064
50.019257414072854
53.306324793534536
46.52872451068312
27.57890324114283
45.48659282834777
50.16932146140404
47.18338767270973
47.674668061848145
51.77001687811454
53.402828216589334
49.86362299012282
47.81623265534907
47.90717505491126
52.59946559100533
51.89117383032666
50.34689007078464
47.745687374165435
49.75050123581807
48.339303235083314
54.367622996306636
50.39916135721639
49.03763638466226
47.02142766609376
51.07226214137482
52.324790441899225
50.776628530096644
48.03120106815257
49.10144358526123
49.48314851057215
53.713770063749806
46.77180969585948
51.67851827380755
47.64650107630245
51.662232327598204
52.767107096901874
41.2748990819907
59.78965997634005
42.22955139693276
58.22755327643826
55.077604345146646
47.30503230976034
47.261436083863046
51.14304710251832
51.873408136690394
51.94994103816338
51.20091751789146
50.10446781686035
46.29479600217837
47.96876273978459
50.11024253334059
56.96058328001841
49.593826560804644
46.27958422160167
49.697343179546415
55.286800280321536
50.02401152528953
50.00600071920703
43.62640095404466
57.34010710560226
50.521125410237346
46.30765882434501
53.29240476709254
46.790411708167355
49.50200978388939
55.52039263608055
49.84672133332406
50.05881911306626
43.43124183014889
58.489793531297266
50.584248063997634
49.65909034481367
49.68845339639817
43.14975987306224
60.312539580151785
50.019257414072854
49.65391222822865
36.633391337686355
65.94131222904076
50.83160506090381
56.104444033918355
49.88252664790282
50.39916135721639
41.921514540687475
61.24748884962821
49.965523788547976
50.49179003593558
38.10336681349752
61.234737243648
52.645433007691125
52.152870493072086
52.05324005483283
49.713402236564164
42.85646940007003
59.997720085428384
49.76808074199675
50.36616199966463
50.34587616896848
42.55934901088219
60.10337781291169
49.70154223889139
50.00475044999029
50.282588146660096
20.189539395374414
21.033059763862166
59.58374793732404
61.82036239006686
62.715584818851696
59.03187721536071
56.72021054642221
51.935911083298876
40.61540461035835
60.8368720127527
50.60011739555931
51.435566662980186
49.52407365304674
40.7401673591948
59.924375440932394
50.46783684695235
52.953199961615226
50.13787916769365
40.331199814664515
62.471107107499606
44.76616394401005
60.467169347064896
49.762136987767754
40.351216992994665
61.81654086781499
50.18216124381682
52.41694535105478
48.71846088831128
40.21798145779871
60.79655648689996
50.89654259563376
53.588270598292716
49.93508439447037
40.979239917007035
64.12681718882658
49.12073877649011
50.756526018646
49.97376377767926
42.064880870315406
62.168950343318
48.50013337386806
51.63528962351965
50.16126847782317
40.46027610012087
57.94985020083141
52.0069481263081
50.25201385233525
52.43618516013269
44.221958858066905
57.228208924560285
48.60503548138245
51.220848935684515
50.438054502841815
43.795108962206804
57.12261941534695
49.17895730782284
50.07536342086434
50.22299007817041
46.51552223026792
50.84788854062106
52.59531586134015
47.548630359481336
55.24831354497468
44.809693233617864
54.97375003727026
48.65824879013956
30.22353325184734
60.78473087008248
62.62289744086896
62.51914648662103
53.63886028399185
53.10195043153449
44.08432449615245
48.9797517698576
47.92140889070727
58.32502201679193
52.536460302796655
50.369713699845256
47.40841878735059
38.18440777937489
60.28454304167069
62.189054728612575
50.21693716599984
46.02186959169668
51.3576391918373
49.08457272028551
52.41639585039693
47.49262676823479
44.782402308217414
56.38949351146074
50.678329436662096
51.53364116256267
49.868347561228674
42.54957024932657
56.202508881986745
52.47856250702241
51.13023381589679
50.12204718774513
43.551730745245564
55.323198120731035
49.10867750419809
54.526518972295435
47.49984562566546
46.1642153479136
53.52688655625482
46.20218074212293
58.38291015465011
37.05748728088945
63.393049584271786
47.202095773555776
58.65825116027888
52.62299309007238
49.149468448264244
41.45765100884492
58.997050150035264
50.82049692495913
52.93385913823609
48.544160626905224
47.867044493441014
50.267170012013906
49.79930878270416
54.31476492921089
49.338128997816725
46.50016507718132
51.79468586394009
48.75195007571461
53.33447113576942
50.38164092984179
44.999235015610616
52.781589781089195
51.78449365038399
51.31336559056723
33.540614331416904
59.89099837960204
58.38802345047197
56.91454849791754
53.263451681738395
50.47318612291369
47.32562871941402
49.22664933660991
51.41044557759933
51.929168614212664
49.24022335332605
47.52512891160138
50.351706669067774
50.274498762711396
49.1178435306741
53.51571488911763
38.81339683411836
62.62721151810351
50.999071821049995
44.15751869883086
61.69221752826499
48.579062423599325
48.9536164492744
49.76287987658935
53.100258597659206
50.49102522007597
47.493529007980804
49.239980892714144
50.60216577294964
53.18413411019566
49.57464950911979
49.55008522419075
46.59267749540746
52.966943327918116
51.04593112991368
49.25210676079832
30.27798215419591
57.60899621960299
59.071979209221354
62.66802865033828
61.339156461547425
49.34445886625085
46.448112811293925
50.70428248211752
54.39187167822421
47.976357252636795
50.89887411829357
47.51090375057107
51.686264376204825
52.06597800663307
50.46172478091234
50.17536289500298
42.70803081819713
59.94664748617552
38.65630677500636
38.31168084933611
63.461038092019876
53.08588234318676
49.627791562572966
57.96462998042779
53.79091471495138
58.763038048056124
39.777880318670235
45.797191714563596
59.78394083991328
59.63349255261903
49.93807678453475
42.955880017543976
58.10440198542951
51.202490489026786
31.511148645425145
61.92717364144702
63.57481165632163
64.00655427635729
49.82709995971301
50.1519604421393
49.9797581972596
41.59733776996572
61.93215951320519
49.83752965254175
46.817794507971676
54.66930537439652
41.67013917726748
60.68624000468348
49.57612413832357
52.28812850054559
49.953792743152476
42.066827361951596
60.94848025102735
48.46464019611617
51.61130494298785
50.3207950662097
41.8446809156599
61.612776023356986
48.605980478145725
51.519304282005876
49.92162305324154
42.54902711563858
59.539757674191584
49.276619232877046
50.68449409005333
47.01678499458999
42.94757818516346
59.738583957641694
52.301255227829536
52.7075888415288
35.64185636969442
63.98116394342741
51.75099491532267
54.434507118401754
53.090109847605355
34.84866965076165
60.54734802731814
55.141078447016874
57.09489743200619
52.269816796271435
48.2516031556384
46.44811281521826
55.6495414491406
48.38936014776865
52.273095557571175
48.1595815908824
47.8084601848338
54.07480708626089
47.88446436401224
53.55870838175899
49.81766733454976
46.275515163635255
51.731451687721616
48.979991674467726
53.697041293214745
49.19250502755417
46.36906997513328
53.39969134945416
26.879480474264405
33.65756790296121
61.66786919306562
54.375013594029994
53.95460259833609
50.77018368571054
51.17916803011237
47.09694435073927
51.200131073333594
48.732468495083495
51.779667156853385
45.163038569635994
43.198970136379316
64.36538944511089
42.92453437746928
63.13091457442265
50.99725124791364
46.99314369950049
50.59781316222763
49.488046165360366
52.89745827532645
49.95803525235687
39.914742109870595
61.388107896237074
49.88252664790282
51.672109462253445
52.01235813616261
42.05196782131322
58.0551523961287
49.25962779608293
53.61844045276165
50.05305624191796
38.589626334886034
58.72956211385146
53.61700302223312
50.69605686194258
53.44678303816664
48.69023273772444
47.98234249896503
49.67167026118183
54.581577622694425
50.00550060492758
48.259287503687
47.293175121562896
49.91614088379933
55.13955821914958
49.58964568179581
48.623469578803956
46.92610545986552
51.75501247189174
51.48826839684645
51.68786731035619
49.277590520248076
46.977248920968016
49.55745195458818
51.75956646137205
53.09772104640495
50.043287439902166
42.37467689290223
60.29908345736137
50.49102522007597
46.06511765110662
51.51320025805255
48.9528975217484
48.72083448886676
53.80422793802675
51.51797719638502
48.35636708302845
47.523096225409596
49.118808573226964
54.95924772021454
50.54793966276804
50.22399903643881
42.49135301032913
60.98602200703329
49.75297646767084
48.11416529252693
52.848256800097666
43.12724261588472
58.69267926488748
49.77179631342101
49.6581039557657
50.57273623749577
42.98117424540554
59.461162942866814
50.268180741596275
49.80327705588812
50.30383516642894
42.551561853762124
58.292043137648726
51.573241737838096
50.4050042109816
46.74011095924462
47.40077832017094
24.934795510480175
38.95051726130992
80.91138585027126
42.93006263483703
51.956149009755805
58.14933913284271
45.07773655931632
52.34259273673707
47.9083226314992
51.023011379982684
54.68933722277014
50.49943945516882
50.09417705357972
42.81261773293288
39.736151951922224
61.31320624991567
65.35563267301808
50.58066604570471
42.041360292572726
48.71418898144261
62.58527242988084
50.43500189531173
50.45459590496176
41.963734941970074
61.62074893525782
49.80129284475742
49.8840196547826
49.455005831868725
41.88481675576479
63.1695977372544
48.98551008555962
46.6091820087255
53.55325871438758
44.31092086834894
59.207682794173955
48.75575317527945
51.30257231321466
50.04504053698403
43.88351559463979
58.36348780300377
48.90047286872718
51.18597913470909
49.42738375842966
42.745272374276205
60.822441047019815
38.05913628681957
62.50625062439289
53.30746144696219
43.82754736570754
58.35633545163239
45.018277420842615
45.00247513762536
57.59937331672863
47.840251831583025
60.13229104000871
48.14219278025427
51.16371878384249
50.24822623921147
42.2370427313164
60.208320789048216
48.86558543478999
51.716469624490436
49.514019894850094
42.58018914364418
59.327111897838655
45.49300772244523
56.63764931443349
49.18306921643936
41.574164153861965
61.832594428728434
49.987753001642325
51.64595663799556
49.91065991827959
43.13245113264164
57.41945485927121
48.78548534021395
53.10251440524638
49.99750012760323
43.15422889690776
57.30527666791145
48.14659675727002
51.74108759772644
51.4292179692411
43.32924594216607
57.320715129332605
50.04003202898096
50.411102538981126
51.26601422253436
42.58272759271933
57.54832620806246
50.87272153805486
45.7228554836302
57.43990350026076
40.76275262855938
57.403963171142784
53.060812994076194
51.51134279850708
49.90866714161967
42.71003728463308
57.53077896675453
50.71456826410308
50.36235716041741
50.98789037546065
43.10159044873989
56.79527009405762
50.37910274711755
51.071479644106645
51.230820462481574
44.41996410713362
53.821892592379136
51.21061903374227
39.57151958597911
59.96102533429915
50.069847435134285
53.58999367801509
49.90418396684402
52.90193568357511
49.833804260734254
43.75678230219981
55.8269364983836
49.794597283514314
52.19370126713308
43.93885468874468
49.515981284631984
48.1204165285114
59.49052315946076
51.4588586438905
48.03466181307383
47.32966054821598
52.25534049685106
50.6855216812146
52.21959383785331
46.38326491613264
50.054308927912
50.424574919451736
48.8176368358679
55.16571781361082
37.1798351448016
61.73487341334912
47.3063750096021
60.09759849845794
52.20133008655414
48.63955173810182
47.63129566754883
51.25629170881386
46.96489374277142
56.539659747193724
43.823898047331504
48.69995470815689
50.55816210993988
56.80398082303422
52.51025262733538
49.56089050999559
46.653106161933785
49.86610949584848
51.633423349119546
52.57402422510919
49.87854574065129
46.47488032886509
50.632142296722705
48.36759371278474
55.83753510502351
49.10578367998254
48.559954547783775
48.494958950900696
47.66625991342126
54.27202222958522
52.22695746475984
47.94070693563427
48.76027013242436
50.275004272091024
53.50397534395961
49.39125280861006
40.530134154919224
59.48663038216657
51.496487938211885
53.996846583524146
50.65804804554869
37.56686902698963
63.61727845654894
49.63641327051188
57.557932060589565
49.708212787818105
37.57618571827595
61.693739935460826
52.79134221771354
54.77441158811588
50.565320279690546
49.41395054569321
42.674860239294425
58.98939370822774
20.453076551727474
39.79370941237477
57.23213927608773
59.31690650477029
63.156432169434574
52.52542230502414
48.58519900398056
45.88039897725162
48.721309236732594
56.35167956476839
50.72974741707643
47.170701334392355
43.58532917798897
57.94112022941479
50.7405584537994
52.91901274228067
54.291763939426865
45.92190520726093
48.82526414642614
58.8197234264589
50.324846887515086
49.50666607021438
43.513828695182504
56.79172203919806
51.16476589416983
54.96498730523082
50.1814057838066
39.53178553128227
58.64449122869531
53.87205387361647
47.834301978928906
54.82546313576495
40.220084300885105
58.52231163013325
47.739988925770064
59.005404897927306
49.82436909729663
42.50977724844282
58.81142118079001
50.222233379189966
51.29099432744946
49.85367945097112
36.24816946795955
59.817914269559196
44.28129248040796
61.24298768124584
59.227671165959656
41.33324515537298
62.13109661755825
50.343848483230666
50.608311909620014
50.300798778612936
42.85665306661174
58.43476634639256
49.86735284170793
51.12265347163377
49.790630397854635
43.640489647459816
58.020121376166514
48.90382085607153
50.65496874723112
51.56047786064026
43.75218761016088
55.967852066129254
47.787441457976136
54.31122504737992
50.07085025414322
42.87300586661777
59.06325674758194
48.279091775763874
51.59160088539583
47.952891082553656
47.03447627139954
51.70711024399906
52.24987982448014
48.37695321897049
54.38861755177395
46.51184424117776
43.61213115027454
60.99569369974882
52.437559978401836
50.07586493354891
44.13608036447466
54.84891865479796
48.711341461149715
53.26089850957328
49.42200959610328
46.51855159832846
52.91901274228067
48.67530166629931
53.01496082216782
49.784433404457616
46.480496784775674
52.632687001651476
48.16445270776879
54.03419283968336
49.81915646135777
47.900061309478374
50.46554464984306
48.75670404612703
53.47765169048925
49.88053611711205
46.062783572473506
51.88875052010961
49.01191969851964
53.83782968888168
48.65753851185345
39.95620799748989
61.62264755274736
51.51134279850708
53.09884881588026
49.44864758063188
45.13592684529364
48.63056333275356
51.58707640791683
55.14776844451255
49.6761117508917
50.12682085940606
48.04112320140027
41.31002346393686
58.740601501432835
50.207860544343475
54.190262007685135
47.676941049090885
50.05105207382855
54.27320043437712
50.69168808460584
48.340004252807915
48.499898151202764
47.60544606109759
57.366093197638776
49.20049200612477
48.38795526827283
47.759597292526664
46.05684335560867
60.4456049987332
50.09518084740193
37.513739405089396
59.261717524951614
56.93917757045659
52.703699798265305
49.954042284440085
35.001137536272694
56.991422793149276
58.8432592101693
59.756789862057495
48.53921240333606
51.491184710895034
43.48317635668629
58.42213497948233
50.26742268944995
49.85268531652547
49.64306635201291
46.14142346092978
48.89497359948601
56.33295026819911
50.22904444051726
47.16335973025035
47.05705196888625
52.082790803336685
51.57669971085933
52.591719962587916
37.426550392998955
58.987653884669285
55.01669756756014
46.68926427063691
59.51920387033291
50.70736778374345
41.66701389225368
61.513099211952074
46.041151580910075
54.82846913299583
50.07762031389804
42.87815315190165
59.754290355309855
50.0846430478924
49.65983016455907
51.004534301535685
42.26435508846049
59.37537109928659
50.98893030111651
49.70598907256955
44.809291656089755
50.891621201476454
47.71743643220044
58.673394549242445
50.340553842813534
49.76585167171761
42.76428327046931
60.41492973502636
40.57848690977045
38.05363278852283
58.42076975506499
51.32284636362555
52.04998881004297
65.25668718367483
53.44935406338565
41.83837834332195
48.141033972392904
46.86584651369425
56.94241982610799
50.261359067680594
44.06004502846986
55.00671081959105
45.61648397443244
57.55561310753552
34.06180173401301
62.245571223634194
49.86884494039433
59.62282600342415
52.430136844086356
54.89709539031043
45.3951191167025
49.42640655269058
47.973365187287676
55.895899475574744
51.01624357435365
49.48584210006689
54.262303978187155
49.524564183953395
60.110964842801465
31.79478374715536
61.22049172552663
59.98944185291366
63.6792603057912
49.2499236611636
50.739013735867836
48.195093740987275
43.741087753177716
60.580359846330914
49.22253013811247
51.137554904959764
49.73763398131485
41.55930512770526
61.98667286916515
49.25477525064812
51.880405291060704
49.226164689497935
44.483194247513026
57.05548075452701
48.63316489938137
52.323695307983584
47.33167672431675
44.851899029848745
58.43271764810391
49.09758636241425
52.329992932924185
39.07455816610849
56.42863188675526
51.640089232999
53.55211156005186
53.14145724504169
38.198702008616856
56.541897542727206
52.13574061644649
57.179451991682825
50.96762027191326
51.162409953821815
43.024446490069046
55.26083112355137
50.076867993616474
52.14416819335296
50.52546483646496
40.47632539654248
63.18236958845334
48.809773669916645
52.989116038281196
50.65240295047408
45.4559917795507
51.4289534721413
50.98373109226274
52.61191870482151
49.42005564822443
46.18937644215755
52.60610651865551
48.80786782761919
54.18468307180521
49.949301458029424
47.59728886032771
49.43446966690973
49.40516185017463
52.78186837430297
50.20231533151943
47.579398118106184
51.634756389188915
50.384687085805275
50.918571021737904
49.96452518401658
41.923799304011084
58.161514526350985
48.80834427315707
55.014578863630994
49.54002090767004
39.120416554714495
62.270765741109464
48.230425681699046
56.371692390282995
49.39174071187818
47.97198436281717
49.35079035022253
49.343728413244676
50.783590808926014
53.851746142832894
48.30334500671098
48.298212482336524
49.34202410551895
54.240229982567904
49.06001020291424
49.055918844188135
46.72285868932959
51.70764497378724
53.7388827724874
49.975262242088014
45.06839128545009
50.26969692367464
22.83636828667175
50.176118173076475
56.50164420178422
47.26501018224741
60.632150810125935
51.74081988305855
48.46088237464271
47.03624613296565
51.43186306582133
49.89148602091805
52.78716215858512
46.51097891789606
48.90908290724599
51.579093961230804
51.445092650290114
52.82703899242772
49.69561436185861
46.93425449639487
48.60479924008166
52.06001478331398
49.00135243514672
53.97848417889814
47.283335931878156
42.96603105783549
58.84568307997817
45.86861394183294
57.16670382263813
49.18718182151773
49.26666568378132
50.44670557382065
52.79189961300555
50.41211907430039
46.8142877184659
50.41110254360368
49.688947189054474
53.87321477618932
49.953792743152476
48.581422464352805
47.401227690522845
51.6003859728499
52.359858838425765
50.33041919928077
44.61795873115765
52.33054062347755
50.00975190201131
54.0490873801585
49.66772293652795
48.89975550126425
46.963349798925954
51.117165657820635
21.705204256710296
59.991961077986076
58.00127602955967
45.14081677600943
61.42091136685844
50.40500420636016
50.16428804311461
42.65611070352332
54.72465290845089
54.03828071446463
50.52699657419052
48.922482330138884
46.07997640515582
48.299845439379204
55.20805154610402
46.71500111882625
55.14351098707871
44.17722134024515
35.68981270099977
60.19491112469969
61.9187378446398
61.51915399087183
42.4513083502126
59.96857646532974
49.863374351379605
50.64137298938108
49.45182650187282
43.312543312700775
59.75393330369781
48.30171181303179
51.83818193397478
49.98600391580204
42.31067032957399
60.57118628257204
50.40398796719581
44.84666923508582
56.992072404046404
40.34210101560182
64.22112618326537
48.5873235695824
50.03377279332503
51.60651067754853
41.94525305756229
60.58806778352673
49.28463354645642
51.115075369942204
51.357902951112855
41.70680947081769
54.05931388164949
57.64685536110899
50.96424348575287
49.79583707027098
42.639922905247225
59.01062781867703
47.76165026102621
54.01026194518761
47.06524655234057
44.826164137452885
59.474955093513834
41.98276187714715
62.86105820241906
37.12214298731183
61.2328624538918
50.178887735826905
56.4165345574212
52.248787828942774
50.278795923394405
43.620121087882
56.516652633748215
50.52878372124412
51.050621795453274
49.6021904341063
45.508949333495636
53.1327042422346
51.595061320890416
51.01390129160173
50.244944102067656
46.49216606969083
51.5158540006274
50.5321030467143
50.10220850787765
51.170525776705794
46.062571393832194
53.27707274717403
49.623358708791244
51.597457276339505
49.90244072875209
46.95607259194571
49.09421179280089
53.15219066706272
51.4575346704409
49.973763773136554
47.4234822119865
50.137125035788785
50.95827027321415
49.62065013290868
52.052427204325326
46.39058085548862
52.3911312285218
49.872824299253836
29.97664819144158
64.07668697360135
64.15932042763149
62.10370075816699
52.446360484733525
51.41890467485434
50.22399903643881
42.58127701333116
56.13341790579474
46.37487594795989
57.84559852845308
50.23156752500894
47.191403614042805
49.842249280027396
51.272585572730705
52.26298735202413
49.03162539945667
49.19637717947666
48.58213052215327
47.14890567420722
55.79609873579263
47.66148903994431
51.367927921883066
47.99869443534877
48.613305459912745
55.485582071270564
39.95652729928031
63.18396643843873
42.084708098148575
59.21714928724124
54.624212729979
49.85815355119801
48.59983865163879
47.02385990643383
52.6698338775291
51.84194428228845
50.30788424766128
33.09012094559167
58.0275282587612
63.257908817762285
59.88561847008662
42.40486468695859
58.12872023488714
40.7157834734521
61.94597072555834
53.62390338965345
49.86387163134567
49.32644736363981
41.40340998332252
59.5493306684802
53.952855992684285
49.58153187165392
50.744420650786715
43.3209868516833
58.71335552421659
48.74410805877601
51.1459244349023
48.28608539893642
47.51767657613869
49.30358683675308
55.71837703609345
49.89621586925724
48.73745619693201
45.601714623524046
51.223735034084086
55.45419760135353
49.97051739638988
49.60292855494829
43.588938870502126
59.005404897927306
47.618594107847066
50.639321431941966
46.858379920778745
48.89664715502418
51.55090910290968
54.99461052494354
50.70196875695312
45.70759934700414
48.66890543613033
50.76477127948963
46.49389535258581
58.54012632696817
39.820806372085876
59.3873599925954
50.99361050101979
53.50769708311814
50.42304938521139
38.49203599592455
62.75927425827227
49.53486759155007
55.96691236031012
50.40983193557008
48.858661663576505
46.38391034829429
51.47210212169186
53.073767226681596
50.447469052219574
49.41199723055367
46.18297695514789
51.10149267646724
31.67995640736577
66.6808919293977
33.38140255195574
37.77133986342974
57.27934563837341
55.14351098707871
50.195511516709885
43.41219883099048
57.17520196832381
49.86436891670758
52.04240415306644
34.66192491369959
53.7169439352078
62.55317019565568
57.685097059142954
51.36265113417401
50.32155473358104
42.86932999464383
58.04133704059388
49.87431672086529
51.26496296396253
50.3131996676149
40.895279458680385
57.94783535667897
53.906612185635936
50.48184925058621
49.97251511538108
37.68266672817656
59.400765079554624
59.40147078349044
47.81623265119015
53.08109198636366
35.63639473646403
59.66017563997857
56.275253523628884
57.09522341315124
45.674196817073266
49.34348493223876
49.749263714498255
54.309750226981876
51.8801361327623
50.139890295497935
42.24096782583488
46.93645742077129
63.573599157914735
45.84022846917153
57.22526151664563
40.09381953797427
43.39543219562067
61.973227571956585
62.15735756636539
50.871427553632714
41.96620042023538
57.943806100881055
50.16982485329456
51.95344971257716
50.19500760463945
42.68706539193249
57.51655038737959
50.974894864032805
50.943473123620365
50.26565397776163
42.683967904201545
56.993046845205306
51.13049524930518
51.41361741408754
50.13159543588026
43.312543312700775
53.39427399796723
42.559530142851116
56.135938789483795
58.35701655714546
43.03351880572833
49.12459963815498
55.61673396217778
51.30599407885553
53.21413367175738
40.53161263075218
60.47228857614851
51.18388322006918
52.27364205777939
50.02601352837953
44.45471842470421
51.25760534664455
53.512851109665256
51.629957766069616
49.98550420596493
42.5892564330885
55.09915092117146
52.85300522231652
51.34471817097814
50.08564645509671
42.913113819961424
56.73565722154582
49.93932372184818
52.49922563821284
49.96652242845555
40.57519394870264
60.740056856226346
51.23685774510413
51.591867058124
32.989799553777196
59.020031398846406
62.307625210096894
47.61814060673651
56.2882408223995
55.594780762812015
44.06722896533775
53.649219937969164
49.620403911363645
54.6585480471044
50.1205398989675
44.30385355129395
53.71001960349456
50.459942374228085
52.50336021323061
49.84349143631049
44.911120892463266
53.96945329225019
38.11440419514919
60.650905519508626
54.03857273184445
49.80203690314736
52.977606367670454
51.80461371511077
51.87394631157139
48.73175604834845
50.0405328342127
47.920260682938256
48.57033227134177
56.113573875227075
50.13762778634715
48.679092816241
47.68876405097077
49.35468746184801
53.77992180492826
50.77972263794198
49.18621409044819
46.91751900243137
51.66089786363787
50.798553256609985
51.92835963889979
49.8588993141522
44.97919712230645
52.001809661242994
54.16677951462199
49.724773376455204
50.08012820839274
45.2093872776681
45.43389368346801
53.72098395239221
55.06698899465675
50.950740823851845
46.40651176066625
49.628284150271995
50.92375695336377
54.38358920914894
50.45866930302445
42.689434362761745
60.932511152029285
45.100709885221946
53.117181814799864
47.995238875161675
49.02056903072005
49.62976197204182
55.676497283930125
50.48465266324152
37.25713008493832
63.56511291978228
51.42604420764462
51.1720968762412
54.56341086723369
49.80873446087794
42.76190598538663
60.48618797409121
48.94139756988655
49.37881451579053
51.558351165209714
42.1265481508813
60.18476723314661
50.58603926340418
50.70094050347486
49.604650934281324
42.3791663998635
56.28443903979396
53.214416849822776
50.505560666031876
49.792861692981845
42.59832758834575
60.76035508720919
49.40467368171746
49.76337514962808
33.50532734766333
48.94738645566533
62.97546475813876
56.77946854532063
46.004296801570874
61.97476387315391
46.0888962634628
60.497897695802735
49.63616689698809
49.81096737895136
51.13441704273436
42.338257272539494
28.522288742030952
41.858167784111146
58.09292544418561
40.01392484764964
65.26648304432159
49.74975871653866
50.86728724862627
50.03827928277533
40.55610531669025
62.09406007758847
51.0631344587676
51.60544540833782
46.37853230617524
43.085248473227985
63.76127776944309
48.91793527537496
51.12343753783042
50.52291214197992
41.45472936178673
61.649240480765975
49.09156067190922
45.1636504851816
57.94817115634403
42.737417037388376
58.993917724765964
50.10145544863928
51.33127666064334
50.16554630299787
44.430029367967116
54.51700657785745
49.83529435242809
52.337387735283066
49.38734992501393
43.13673049509907
58.63451931231618
48.17721506845063
53.447354355151276
35.420171789186355
64.89250556143371
49.52652640921876
58.720595663916754
50.35449564551842
36.54529972666807
64.27520069969663
50.42788056727009
58.384614487078096
50.43958094980946
49.61794184373615
40.34161277817945
55.67432745260599
55.393069218940894
44.41720189650338
40.178553489594286
60.83465142209869
50.960088059443144
59.43748364940499
52.37027881950703
48.69521180164641
42.421954209865895
58.54698102461922
50.9915303055814
51.64995790657973
47.88400578469743
45.5379627235151
55.55771613292389
50.476752929196856
51.7429616633653
49.51965930766238
42.97581750674434
56.613921360993494
51.38218065921056
51.431863070632986
50.10421677043711
40.67371948863004
59.95778971832612
51.71539981091287
52.29387063659704
49.86063951146051
39.91490143038342
60.317268830421796
51.737339873677165
48.463700691452836
54.09703926618673
37.85125969062574
59.23749496102211
56.864060781434624
52.82564367571011
48.90286424272285
40.21846671021596
61.67775838569656
48.56561457367105
55.3418744295611
49.93807678453475
46.1401460796096
52.05080158439574
50.60805578884254
51.86614385635838
49.55106733104657
43.06409659954648
54.87932037725952
50.78694369268494
53.2002617456551
34.756737592917155
56.545414449777425
58.86369522515653
57.42901773449442
52.575129862960615
44.32231185157556
47.04554008281355
14.318237138550936
57.14938850399202
60.20977083858039
62.56177975999218
55.744467357865865
54.58276931181337
49.753224011156725
46.45005457601901
49.97326430345495
48.5286124712046
56.44487593512103
48.37040118477872
50.386464179845056
46.40737320503248
50.81404093574575
54.446658605085005
49.94705612057772
45.70342135824528
49.179441025832844
49.99375078249225
55.162066147511524
51.06913228667466
47.4914990198342
45.435958020407966
50.380371806511015
50.75008627596516
56.976810435484275
50.11275369643245
46.3664900098183
50.64188590354832
53.34442897314093
50.17838415747135
48.52201929055862
48.4139587126588
49.750996266987705
54.028062173750264
49.582761066694104
41.326241749371874
57.21249292116973
50.387225831271365
53.43507371287499
50.70299705213974
49.425917964310806
46.502111196529206
49.85144269744151
55.36178929447358
50.09543179871955
49.05880678972602
46.22417801820003
51.4046315595634
53.724158681699926
50.43194964800581
49.56506654153683
46.71521935064039
48.896168983987685
55.09368681608264
52.4040351082946
49.59284276272406
42.22972972930101
59.79931350598502
51.25261388298096
50.02326081487237
50.36134263554941
41.46349553860678
53.214416849822776
57.83255162807323
46.0808257691065
53.23509683237566
43.639537421746915
60.062945964644555
40.94953788412679
32.78140376573106
56.073613440492494
61.474150123422284
59.25504556289348
61.54035508628546
46.357462393622676
48.36361701826618
46.69231631193794
47.054837710220845
54.923025375556755
61.302681992665285
52.31849406900303
43.90201071118211
59.996640185266074
49.37150079477424
51.376109083004074
50.64547659832417
41.712028499460324
60.330005128716095
23.105413829020353
59.88561847008662
42.08842778701182
61.63404171509427
49.03739591503221
51.57324174267624
50.05280570586329
41.33034101901864
60.80764717059807
50.37986417600479
51.40040400608184
49.17049376730938
42.431314312598516
59.541884736675776
50.13787916769365
51.262072218014744
49.60957266254107
43.11552805882075
57.55892594792978
46.48352159227393
56.43340857843052
41.11351853485049
52.082790803336685
48.90477751119697
61.05975307008154
49.88153136264932
51.01754493654373
43.86003385813923
55.09581161767077
50.08765339468853
48.22228544420317
55.07426765273193
43.062056729451974
52.10042878663806
51.20144183404386
54.56073155084117
50.05681448345874
46.95805706436668
50.927647090647284
51.79897852137814
45.38728974363787
57.20005720182454
45.70739042790445
52.603339260850305
50.16202333621009
51.1527266934344
49.32304126169886
44.50358476247288
46.320743354128176
62.60133591698721
51.291257402626556
50.1869463735313
41.03961554169265
59.02560531219427
48.779298064216945
54.205536555374145
50.26287483367644
43.03351880909689
57.326958571352186
50.71379668909328
48.37765532913021
53.21300099993494
39.543353354511105
62.417686674853364
52.21086926361298
42.22081486152346
62.062844832710255
45.675448532670515
52.17872256339723
49.20170237611343
52.761260573877856
51.688401637354474
46.772903522901025
36.75376082819861
58.04133704059388
62.353080556714026
55.67184785648901
48.287251200498666
44.6629953697933
54.810137684288726
53.07517567691811
50.00700097777693
48.089639091019436
49.37271959781928
50.24519655610706
51.81857281282858
50.23181984923531
47.838192100509374
48.68146258647893
50.80965180086402
53.56501989885002
48.7548023458434
49.94431209387636
47.48360628451955
49.26520940196147
55.677117258747145
49.39808434497239
49.119773653701905
47.824465084336985
49.84870916615287
53.898767339461976
48.400133581476915
50.14793641580448
48.47215759197357
50.216684995855154
52.89689865385706
43.75295332399621
58.0187748756158
44.62114417705426
54.06603625185094
49.59554830360724
51.69802151971602
49.4726218523183
47.15779942772175
49.306504021859446
55.13682202242819
48.60999713081764
50.77791770095534
47.441480931711446
48.71798619163576
56.43786755715092
49.95603868180014
48.618977934553776
42.82765295828347
47.115361963226626
58.38018342848392
56.452842121992276
49.93134439982412
43.236325433457225
59.21153914110626
50.36463999313353
49.672657189260285
49.945559342600355
43.71278948791439
58.69164582603523
45.84422133719638
54.62152743909981
50.97463501938815
34.19797205984403
60.00600060296492
64.12352756351306
45.89366437853121
58.8183395571216
42.81481735363531
57.55660692081703
51.28810064989344
50.810684468609445
45.46756571165529
47.25339633950592
52.263533640894906
44.380733436963034
58.115545328154646
40.222187360939294
62.2750314506596
50.91494149990472
57.18239468249241
50.29245060302309
48.40083636465072
43.77306293201936
57.13698019932151
45.30976017264732
52.51438894448074
39.82778465821431
62.60956674478674
50.87453322590015
56.694163337425096
50.572224723096674
50.24368185614717
42.278471380072276
60.04671634365462
34.954035442329165
63.7523349359427
20.636299663159875
97.7211429582768
57.66048353886881
44.103961860140465
60.23007890128765
41.57468268132703
62.07131994411407
49.621635034567
49.734418205350615
50.695542849878954
41.377369888494165
61.78407700838763
50.4907702850592
50.56890012472537
49.959033592943435
41.059162146196385
61.74859676433144
51.45435741307188
50.17913952650499
48.30871199585624
40.12358062696075
61.990131173324016
44.962209263488035
61.35006963091191
50.66985549222484
44.13082140386386
56.884439263076715
50.31598438438527
50.32560667262194
46.904095195245226
44.417991064485825
60.04058743468259
51.251825849524344
49.98100721701002
50.13486278075633
42.926376969485325
57.34207991524569
49.14487910356676
47.16046820849698
46.22054595628225
51.30178273796426
49.084331790105644
59.84010723376622
51.48906372289989
49.63099356413776
40.57832224782482
60.94588006036137
51.46733368177447
51.81078700513337
50.050050052247414
46.96070328051039
50.35982092027108
50.10346365539407
52.492336118385104
48.29098214127337
42.563334240725766
57.150368338092925
50.95489472584044
51.52116231577606
49.993000980039604
43.375667984258584
55.15263491995651
50.94606848944889
34.2499768826938
58.95983066490152
61.398661507765524
49.7688238173075
56.562685594175726
33.76382206430072
60.022568483782266
57.23017404178018
60.456202503697135
52.02778283521859
51.214028543816404
50.17989492286138
43.24156032979786
55.3866263461315
50.1260670601216
52.611365103633396
50.38621030423185
43.49490239833987
53.5372029986563
49.86983971944327
54.532465905382274
50.01075231065644
43.03351880909689
55.447433055781936
51.344454542315944
52.816436476291706
49.63247154727523
42.78477546830015
55.80855433277656
51.28757455743034
51.657161751668966
50.14642756954723
44.51348981155717
53.654689148942104
50.928943941446086
51.788516414895014
48.925354585640896
43.481663782241974
56.273986786594506
50.42508345137854
52.70619983270348
50.16277821273939
46.30465686053627
50.902501349648304
48.77620501687628
53.879020044912366
46.64026827810115
47.12046818692796
54.87600766014091
44.01234105961539
62.4356132747839
49.977759899133986
46.42676410127395
48.20090135612591
53.051805087063265
53.18922598907376
49.55990801818013
46.5428007590742
50.44975960756108
47.72153529492064
56.71828030559939
50.187702004956165
46.69209829405557
50.2815768330296
48.668194846696245
50.328646060911844
54.74712303495207
47.612019180888396
47.649679556567904
51.55223788088996
53.697041293214745
48.63316489938137
48.73175604834845
48.84195719797089
51.16502767606766
53.27082889567474
48.066986151355444
43.48336544105018
56.43086090774547
50.47471469245222
46.42805740204049
57.79745459844297
43.608897959010804
53.31627212771794
49.06097297860104
54.776211786312544
48.61590518034604
48.14752401166664
50.09166775185697
48.5934622373938
46.74775844579255
54.70459518530234
40.90347597669177
58.97373899626957
52.07411187314537
57.143183678059266
50.454850474809376
49.70203629173119
41.974479516670996
61.72877610635784
43.184232572592016
59.20382693677213
50.17410414263521
45.29559907723537
51.278369757855536
52.37439311325538
47.17515190185279
54.8077344722685
43.37397474743922
57.53508201290648
51.34972759160924
50.09016228966147
50.18065034196158
42.87594702211608
58.994265757702074
50.09342423575309
50.10045140791205
50.22904444051726
42.705842159212054
60.262745568425515
49.87008842266865
50.147181976751895
45.390379964174535
49.699566121255906
50.28612806935283
53.0093402491839
50.30484737102749
49.09397077236992
21.234848935234847
39.85032219021334
55.42837822162692
63.58168338620573
53.32906700859778
57.4742371696943
58.03257949119075
42.90593303283776
59.05767572763643
40.14564841208959
56.92653630291528
56.83465094868662
51.960468478530984
49.84622439536877
41.95968513741904
60.78953447119324
49.78988667574747
50.74776836879363
50.08614817377588
42.30100549455465
59.933713315053346
49.22301471366012
52.347250721720364
49.979008814464514
42.49568668862122
58.85919115833709
50.52265688486079
50.40729091164667
50.14290728287573
41.820531374680165
58.97304341879906
50.52980500356755
50.887477613635475
50.62394005956095
40.3315251349839
56.817213343970046
54.32627272865011
52.00397310352798
50.169824857872975
40.08080289916978
57.910921418453846
53.3139981230083
52.848256800097666
48.12111121617571
39.80574794854656
59.844762688766735
53.76575336397827
52.79412929160358
37.03635117838981
51.354474258253546
56.475478349344
57.33123118664389
47.01877459810946
58.39279666558065
41.677780741856886
54.94656446525857
52.93413934119723
55.539510809201985
49.779724719425374
40.073253906699094
53.812045291606736
51.64408959244563
59.127164790418504
48.460177850928
38.880400000504736
56.77044303931824
53.816678861643496
52.980132451025504
53.483944122195496
47.440580672482895
45.193246321502144
53.412241014050814
54.136868833886126
50.92842519131378
48.591809362420875
43.39562051422537
52.489029792114906
57.89181178687076
50.53286910290238
39.84841662345648
50.292703534679035
54.8618578431853
58.974782380588735
42.752765033697166
56.16589158188177
39.98384652577163
59.12331941925671
59.4572740004547
49.82635515224003
38.470120258585105
52.429037296074014
56.67456332674421
56.481539004945695
47.30906063389354
40.94970556950538
58.32366132727397
56.946959602039556
50.62188991897933
49.44987019119993
49.178231750848724
47.945303996545206
52.74484155280258
52.38975884869176
49.65021424039114
46.43495623499501
48.97423465601038
50.42152394327462
55.02850476160339
49.08095904220722
48.338835906896165
48.518252566113674
50.7400435342496
53.85377622638542
49.84448520410782
50.03277146803304
46.13120637483349
49.13835888012306
54.17998591283425
51.95129046694931
50.106476265115575
43.02722332471043
58.53601428001797
49.955040465443815
50.02776540627807
49.87456546874681
45.85052728067093
51.96451862608876
53.39427399796723
49.91938020346205
48.93373393511667
44.38211223419793
58.61905236352166
48.6539874400561
51.27363714395314
45.557048817203714
49.43862442013191
52.69675651082603
46.866505446251644
57.259994731500846
50.59525315685148
42.990228319186926
56.515055612324254
51.69909061441293
49.74975871203659
50.5037751566796
42.897282458662986
52.2908626928191
56.543176370043405
50.0030001790254
47.19363074847344
48.05035677276558
46.57141260459482
60.09182030189997
50.326873038259436
50.059821490360086
42.80345509336154
60.39230843349497
49.57587836293277
51.09183245920844
49.36955083417277
41.82875308684507
59.892433191050294
48.5533528485902
53.131857329142484
49.530451321798935
42.25024822023469
59.23924956037294
51.84328810628128
49.6936387200586
50.44365191907374
42.44806479186175
60.106629161681276
50.723829037955944
49.59161306777315
50.24040031721272
41.785406863886806
58.472351346761506
50.58731876988411
44.24367647281777
60.5063168614097
40.7730571650874
52.99248566325898
58.47919018058612
50.863147612798386
49.755947080035874
42.052852024202615
62.154653208552624
48.99222983493992
51.28021045343707
34.16409012361437
42.79594465753943
74.00938439085606
60.397050208897284
35.93825807108194
60.09759850502762
57.70173970494477
60.726778083124195
50.61625287916415
49.822631430786984
49.88202900031139
42.99558865452054
57.703071530018505
50.957750930214125
50.3068719162443
50.22551255444305
42.238469951651666
58.36416906928911
50.06032269178162
51.92970794672621
50.20004718984642
42.22562842044942
58.489109329124496
49.63863076918359
52.24687694409725
49.50617589379639
42.52839833805029
59.23363522615993
50.02526275787349
51.97586241176215
49.757432514744174
42.33807801913062
54.00501166827261
49.04653535361631
55.00126502702271
42.63137925231684
54.660041872307055
48.63056333705534
57.13534792220931
51.300466834816824
49.19395701419313
43.473346493122975
56.99239721209423
48.96680051021746
50.55535052296034
53.16603753737885
43.70801298837064
54.74472534553054
51.249987191064655
51.55941449099479
49.86884493587068
43.793574605492275
55.615496703095765
50.85874999557182
51.154296704924924
49.942067200422315
43.404284872127874
56.83303590526086
50.340553847423166
51.35130971472617
50.192992057528954
43.379807566861984
54.975865592034765
51.557553697235065
51.87125554393526
49.70969537818717
44.16453940993593
54.866673981799856
50.962425403062454
51.31573545902809
49.974512994108096
45.5767740778829
52.09798589312243
49.17605519517738
33.92889860019118
58.998442441601036
48.13570417383474
59.640605710260004
65.71165725386764
44.93493421374718
59.6797584169127
39.10955368028502
62.451600012122086
48.21321813594243
56.43882313888684
46.18489661466026
48.59228160339355
52.647095982727926
50.32940596534839
52.67094354382494
49.61498769582075
42.494061456495324
52.67566015483998
52.139546283162225
55.091258669715266
49.784433404457616
45.656054677719425
46.96224705034664
52.05811768119444
57.29345708481916
49.527998176865694
45.99794849344665
46.125035747888056
52.56103650427376
56.8139853305518
50.75781416423972
36.04317972793478
61.33313707383286
53.5211569125263
32.24131983091742
61.3432954794412
60.44049029285682
57.022295718535574
53.66649493735853
55.742913677823914
46.347364227781014
39.70365194211064
62.23278796400593
50.29042721835663
59.2571523373185
46.18766974095252
52.19806031662672
44.363013670369455
51.73948136101244
56.60366678678814
51.671842460910405
47.86429515069654
44.581557501867515
49.906176390030694
59.86912609005776
49.40955580933327
37.33154141837646
55.938735897195315
54.1820408200078
58.54526719971512
49.539284653368725
48.71846088399393
44.777589712758605
51.15796043354271
57.130125290604674
51.684928675308754
36.400963897447745
61.93254307076253
50.02326081487237
57.88041905754278
51.26680269236748
51.24315903760706
40.88240584789848
59.24872615750667
50.56455323465198
52.594485992971855
47.38168792634923
48.49096128620183
50.9120900923558
51.73626919648497
51.32073922082255
48.094264760047686
47.40437352565712
48.276761016799064
57.5453457349677
45.1296122443557
47.34915742406979
54.31801021867522
49.05399373167259
55.978504256049135
50.424574919451736
39.62043622279079
59.11003924926708
40.81899226057898
61.78522220609838
22.20578993817285
44.09890502230795
61.84253653452439
60.73599883334379
56.53262780778608
52.45323793562119
41.74999269637263
34.45566933433955
59.64131711806245
65.43774580125121
58.155764399163864
44.053057504843025
55.46742397776082
59.892791906285495
48.150074151753266
51.412295762779635
42.97932694283988
58.546638255352285
52.25452132223911
49.3125825971249
50.48975058000951
42.16242653401799
59.57451878798526
50.58603926340418
51.00271334311608
48.276761016799064
44.05538643076135
58.5836809282333
49.23779887670126
36.31227100593343
63.883884644683704
42.93172139274965
58.27166249134596
63.29394339789701
48.96871878492638
51.86587484601741
40.28489477675402
61.796676574157296
46.64309635637847
55.864049244543324
49.02056903072005
39.388532424278864
58.41599195962013
58.30767795815461
51.132848251268626
48.62677974204794
43.401647524716736
58.55795187923805
48.30147850684579
53.48194182492658
49.6664895209029
43.18703007166517
57.58875867586425
51.219537181152184
50.62496519212465
49.412485548191746
45.70989756415439
53.44678303816664
50.4698745328837
51.076696766086236
50.04378831485269
43.879471865847805
56.25151176070892
50.334219214096876
51.54878319191388
45.447521747778374
43.845610835434314
59.07442195254893
50.159758833780344
54.64689906215099
49.920626202710636
43.286670303693796
55.703789531616756
48.92343970681369
53.653537645093216
48.30661172542431
48.33463031304845
50.41440642057914
49.96128000742745
49.311366765713174
52.64349300040377
41.23830378520483
52.47498255467013
58.239083083538404
46.27851334995684
57.70973158981298
46.37423076719939
41.76463955024697
57.88510963685712
57.13926552852707
50.19853520619932
47.76415968813464
48.959848024624705
52.23841613250347
51.987751685112144
49.570471862692905
49.273220004295624
47.30189964528046
52.01235813616261
52.23405033054823
49.96053118317991
44.38191525638365
51.93779929371158
50.52189113362168
54.17499607132208
49.562609966644224
13.615908827970035
60.76810889874119
59.988362257274076
66.22341130063697
50.244944102067656
48.783105431933365
56.59405649601368
49.760156048834844
48.1204165285114
45.89998393604383
52.54833132708586
54.38004035089266
49.619911475604134
50.50989741410141
44.24211052823633
51.67638182503876
55.999820799208926
45.02841292851175
54.75941451494991
44.58334633654343
45.69903529048314
57.78509722487641
55.356885846157994
49.72576242039555
44.57996754509699
49.9792586077472
57.52978604519283
49.93782740726609
49.96128000742745
43.19915675031402
59.08279863641829
50.143913030593126
49.31817621517104
40.65784391298055
58.64449122869531
51.60278242286506
53.3105874822145
49.735654992701875
50.90923900888013
42.110050406189984
59.277525519791475
50.14441591729477
49.69808413951864
51.640089232999
42.42141432923958
59.94556942372766
50.09041319526459
49.81270423644004
46.213710681342604
48.94666771111237
51.37294187265337
46.985857256878525
51.61769867465632
52.32013645302077
47.76735387793169
52.43206115783678
52.127859214569746
46.49086919095243
53.9528559979792
42.64010472370948
61.20512899123408
45.521586333097126
50.24342941732854
41.87359199978289
60.991229463537046
52.317399198629175
52.8580338906478
51.98450861572697
49.8405103661431
42.7551413058299
59.447377181065505
49.523337872675704
48.57080409066194
52.081434529647865
42.58653584212327
60.259840433980784
49.07999548195275
48.1577261846558
37.41030878650782
58.08617665004196
36.688765533290955
67.65533665225372
61.285399977741136
58.075044572098925
34.22571172371111
56.73501344869895
51.88875052010961
60.10482280535071
42.87907243993041
61.08996719656692
50.37986417600479
50.752146818263526
53.91213400434047
50.08940959249725
43.23408229395563
58.69233478122637
49.7406027572926
50.39331985787953
49.59825414418314
46.82744087867361
49.866606825847434
56.264804681411086
47.04133521743382
52.99304731419564
41.850459938237506
59.065349899638726
51.823675127479724
43.351786745722606
59.4572740004547
42.702377241499555
60.25838796518861
48.97519406364858
48.439520839025754
53.29808553014383
43.23987754679238
57.45607482715943
51.11821086349439
50.177125253511726
49.478496642363616
42.690163332567714
56.31645341529764
51.99045455286846
51.699357897427
50.30332907250052
42.94720928998383
57.62625913715224
51.15822214580541
50.301557842352175
50.533124463223196
41.266723338463564
60.24096385239048
51.52779924829501
40.518146053202415
64.27767957247978
41.033889889757724
62.26999022226282
51.47289694838726
50.339286793205495
50.684237202277956
40.31672821791366
61.76041897677751
51.593197953279514
50.77198808228516
49.57047185822322
43.05519676347217
57.21740324229445
51.46865816434322
50.57324776224243
41.897978422451196
51.21691387363965
49.676605298280265
59.88848763965991
47.159800983973476
53.21186837632969
42.93798895622579
56.651767251919175
52.17300568582426
50.94061851953231
50.22399903643881
42.34094623626218
56.54925157095343
51.65822915708847
51.72262192377926
36.9652969782607
63.191153236931214
50.415677259231025
56.134048109789646
49.50666607021438
51.50391429965507
42.65592874522625
56.476116251535736
51.03863625004458
51.61956381248181
50.09342423575309
42.793380721589656
56.651125375595576
51.5429378443
51.559946170334804
43.958169404435196
49.240950745078216
49.85417653306244
56.87699780817291
52.022640252450785
49.73812875195092
42.11235576384098
55.605600594961636
52.70870009928091
52.052427204325326
47.77146132948983
41.913959025122836
58.70267096890958
51.28783760231277
53.084473324657175
48.03120106815257
39.17988661231243
59.59617631394781
49.10650710077286
35.710332070115925
60.89281038866264
48.243921267065545
61.628723910871905
62.08789162388447
52.59559248659467
49.6746311675662
39.50086704348447
60.00816110961742
49.390764914981105
57.59970508994654
48.55901133982673
46.94284708106665
50.06558591954051
49.170251997309286
53.72589050609616
35.44402502377665
62.13264076291475
52.62825505681287
57.36378968250255
53.93830536494264
50.274498762711396
39.40840108337272
60.03770367975413
45.27078721266087
62.2769706014675
49.29775349755657
49.24216311095281
47.55744939799242
51.95722881207649
54.24523184338495
50.33193913819605
39.28238931317771
58.38631891281494
48.68075163031935
54.894684552373775
50.11526510665114
46.37745684662083
49.13642729187208
47.680805612866344
55.54784058060891
51.59000392122488
40.15064522045027
54.6702020049413
58.65343445010641
51.526737226118605
49.87357049663247
48.99198981042978
47.573512973006146
52.16211986878332
50.77508161991197
26.420567883166868
36.44447684019413
51.69695246437281
66.3398324253137
36.928985561444236
51.884981370299634
46.60527199007428
58.63108150587151
51.87879039784837
49.4056500282791
45.88418830823039
49.12242782714585
53.0107452768647
54.305916087015646
49.69166323084349
44.35317546439162
50.98711046142009
53.796702259293276
51.86964122027638
49.98175665973464
44.428055427491465
50.637013631417744
41.72751929842633
60.624431646505265
57.46267798924748
44.01931567514703
53.491954810765996
50.18946523038405
42.688523191313706
60.700237947053736
36.3047566497422
52.30371722173003
39.39660165009519
58.09765053080262
61.119090547446895
57.13926553446588
56.31930794727044
53.293256800991905
53.21186837632969
50.37732617229547
45.02010147834816
52.41282436943367
48.75646632385702
54.97042591044739
45.83749690575259
48.29937886956309
50.584759826302275
49.552049472368466
53.24104885047397
52.072213743490494
45.73665747584881
36.18507944401944
62.554735392142284
62.2029807625384
54.051132375165736
57.03823272541946
44.02939402205945
55.16389192289678
57.607668733580155
28.007203453373577
62.00050840149899
62.163926274351816
59.563873323564856
65.75313642409044
50.515000426166594
50.13461143422796
41.15819150946503
61.4711270059185
50.932834871282836
46.92016065555979
52.94534981108985
40.987638128077286
64.16755431628714
48.38936014776865
51.809981709106076
47.53484304374864
42.865838498224335
61.371154324802355
44.708322902829934
59.25153461570796
35.58490915107692
40.68315148124131
62.41223279777345
57.60302300217173
64.67552290292261
53.737727646766025
42.81793386545388
49.734418205350615
59.47530882533946
51.110372848391215
49.77402592529161
42.41367756202559
60.68550344406962
48.240430304601475
52.07682373334135
49.536830633384376
42.87429257458618
60.10843561344542
50.672423052777205
50.09718854660577
36.265390125065025
57.36411874733251
56.18040652167203
