199.9847611906693
199.98480120234618
199.99440010251595
199.99072048796106
199.99588010588457
199.9884805990853
199.98996051484357
199.9936802621727
199.98552097877368
199.98404127421503
199.9914403069981
199.98996051484357
199.99736013115805
199.99812001499816
199.9884805990853
199.99068047391555
199.9944401180499
199.99512009355314
199.9884807445877
199.99368011666274
199.99220029136222
199.98552112427174
199.99364024694282
199.99591997649756
199.99807999799162
199.98700085072971
199.99296028150235
199.99884003281943
199.9929202665606
199.98776080135352
199.98700085072971
199.99512009355314
199.99516010937523
199.9884805990853
199.99220029136222
199.99884003281943
199.99812001499816
199.99364024694282
199.99592012201077
199.99512009355314
199.9929202665606
199.9884805990853
199.98628091815047
199.9884807445877
199.9995999279053
199.9862409058815
199.9936802621727
199.98552097877368
199.99960007342386
199.98996051484357
199.99663997847807
199.98996051484357
199.9929202665606
199.99664012399234
199.98920054750195
199.98628091815047
199.99736013115805
199.98476104517232
199.98480120234618
199.99812001499816
199.99440010251595
199.99588010588457
199.99812001499816
199.99960007342386
199.99807999799162
199.9944401180499
199.99884003281943
199.9929202665606
199.9929202665606
199.99368011666274
199.98996051484357
199.9936802621727
199.9884805990853
199.9862410513806
199.9958799603714
199.9936802621727
199.98776080135352
199.99955991030652
199.9929202665606
199.99960007342386
199.9929202665606
199.99663997847807
199.99888005013014
199.9884805990853
199.98996051484357
199.98552112427174
199.9862409058815
199.98700085072971
199.98996051484357
199.98924056095527
199.9929202665606
199.98404127421503
199.99216027672455
199.98480120234618
199.99068032840995
199.99888005013014
199.99216027672455
199.994440263561
199.9862409058815
199.98628091815047
199.98996051484357
199.99512009355314
199.99516010937523
199.98552112427174
199.9907203424554
199.98920054750195
199.98480120234618
199.98552112427174
199.9929202665606
199.98920054750195
199.99368011666274
199.98924056095527
199.98996051484357
199.99588010588457
199.98772078849234
199.99516010937523
199.99664012399234
199.9914403069981
199.99516010937523
199.99588010588457
199.9884805990853
199.99664012399234
199.99660010757802
199.99516010937523
199.98332136294394
199.99216027672455
199.99440010251595
199.99592012201077
199.99364024694282
199.9995999279053
199.98996051484357
199.99736013115805
199.98776065585216
199.99884003281943
199.99740000236116
199.99956005582504
199.9944401180499
199.98920054750195
199.99440024802695
199.99740000236116
199.98552097877368
199.98700085072971
172.2256218263042
199.99220029136222
199.98996051484357
199.98628091815047
199.98700085072971
199.98996051484357
199.99068047391555
199.9958799603714
199.99516010937523
199.99960007342386
199.98772078849234
199.9907203424554
199.99440024802695
199.99740000236116
199.9914403069981
199.9951202390652
199.98404127421503
199.9884805990853
199.99888005013014
199.98920054750195
199.99884003281943
199.990000528601
199.99955991030652
199.98700085072971
199.98776080135352
199.99368011666274
199.9929202665606
199.99216027672455
199.99072048796106
199.99072048796106
199.9884805990853
199.98700085072971
199.98552112427174
199.98476104517232
199.98924056095527
199.98252158077236
199.98924056095527
199.98628091815047
199.98700085072971
199.99068047391555
199.98480120234618
199.99884003281943
199.99220029136222
199.99068032840995
199.99516010937523
18.474742275419796
199.99812001499816
199.98552097877368
199.99516010937523
199.98700085072971
199.9884807445877
199.99588010588457
199.98628091815047
199.99955991030652
199.98480120234618
199.99364024694282
199.9944401180499
199.9847611906693
199.9995999279053
199.99884003281943
199.9914403069981
199.98332150843882
199.99440010251595
199.99512009355314
20.875329713147117
199.9847611906693
199.98552097877368
199.98700085072971
199.9884807445877
199.99588010588457
199.99220029136222
199.98920054750195
199.99368011666274
199.9847611906693
199.98776080135352
199.9862409058815
199.99592012201077
199.99588010588457
199.9929202665606
199.98700085072971
199.98924056095527
199.98772064299106
199.9936802621727
199.99440010251595
199.9884807445877
199.9929202665606
199.9929202665606
199.99220029136222
199.9847611906693
199.9884805990853
199.98996051484357
199.99440010251595
199.99812001499816
199.9936802621727
199.99884003281943
199.99883988730198
199.99888005013014
199.99736013115805
199.99735998564276
199.98700085072971
199.99220029136222
199.99516010937523
199.98400126284224
199.99664012399234
199.99516010937523
199.99588010588457
199.99735998564276
199.98628091815047
199.98552112427174
199.98996036933903
199.98772078849234
199.99440024802695
199.99368011666274
199.99884003281943
199.9995999279053
199.98776080135352
199.9914404525048
199.99883988730198
199.98924056095527
199.99440024802695
199.99068047391555
199.99220029136222
199.9958799603714
199.98700085072971
199.99516025488734
199.98404127421503
199.99440010251595
199.99812001499816
199.99884003281943
199.98924056095527
199.99735998564276
199.98700085072971
199.9929202665606
199.99516010937523
199.99216027672455
199.98776080135352
199.99884003281943
199.99663997847807
199.99660010757802
199.98776080135352
199.99735998564276
199.98552097877368
199.9936802621727
199.9847611906693
199.9907203424554
199.98700085072971
199.98404127421503
199.9847611906693
199.98776080135352
199.9965999620638
199.99296028150235
199.9862409058815
199.98924070645876
199.99292012105172
199.99440024802695
199.9995999279053
199.98996051484357
199.99512009355314
199.99592012201077
199.9914404525048
170.1966008138964
199.99220043687
199.99883988730198
199.99588010588457
199.99588010588457
199.99735998564276
199.99664012399234
199.98480120234618
199.99883988730198
199.98552112427174
199.98772078849234
199.99591997649756
199.9951202390652
199.9988799046126
199.99807999799162
199.98480120234618
199.99660010757802
199.98776065585216
199.99220029136222
199.9921604222323
199.9929202665606
199.99292012105172
199.99296028150235
199.99660010757802
199.98924056095527
199.99588010588457
199.9907203424554
199.9862410513806
199.9914403069981
199.98700085072971
199.98700085072971
199.98628091815047
166.78502849611684
199.9884805990853
199.99216027672455
199.9914404525048
199.99740000236116
199.9914403069981
199.99736013115805
199.99368011666274
199.99068047391555
199.99220029136222
199.98996051484357
199.9936802621727
199.98996051484357
199.98996036933903
199.99588010588457
199.9847611906693
199.98700085072971
199.99516010937523
199.98924056095527
199.99660010757802
199.98700085072971
199.99888005013014
199.99512009355314
199.9914403069981
199.99960007342386
199.99588010588457
167.26083289419424
199.98920054750195
199.98628091815047
199.98996051484357
199.98996051484357
199.99516010937523
199.99216027672455
199.9914403069981
199.99664012399234
199.99220029136222
199.99735998564276
199.99440024802695
199.9914403069981
199.99812001499816
199.99664012399234
199.9929202665606
199.9936401014329
199.99592012201077
199.99364024694282
199.9914403069981
199.99220029136222
199.9892006930054
2.2418436549013445
199.9951202390652
199.99740000236116
199.98700085072971
199.99735998564276
199.98552112427174
199.99068032840995
199.9929202665606
199.98996051484357
199.99888005013014
199.9884805990853
199.99884003281943
199.9847611906693
199.9944401180499
199.9077625658167
199.99735998564276
199.99812001499816
199.98700085072971
199.99960007342386
199.98552097877368
199.9951202390652
199.99296013599346
199.9892006930054
199.99883988730198
199.98924070645876
199.9914403069981
199.99812001499816
199.99068047391555
199.99883988730198
199.99296028150235
199.9892006930054
199.99516010937523
199.99068032840995
199.9825615915531
199.97220384407078
199.99884003281943
199.9995999279053
199.99440024802695
199.99663997847807
199.99884003281943
199.99735998564276
199.99736013115805
199.98404127421503
199.98552097877368
199.99888005013014
199.99807999799162
199.99440010251595
199.98552112427174
199.9929202665606
199.99740000236116
199.98404127421503
199.99068047391555
199.9914403069981
199.98996051484357
199.99588010588457
199.98776065585216
199.98924070645876
199.9862409058815
199.9995999279053
199.998080143508
199.98480105684914
199.99664012399234
199.98552097877368
199.98772078849234
199.9862409058815
199.98700085072971
199.99220029136222
199.9936802621727
199.99588010588457
199.99812001499816
199.9862409058815
199.98700085072971
199.98996051484357
199.98996051484357
199.99368011666274
199.9929202665606
199.99664012399234
199.98700085072971
199.9862409058815
199.99884003281943
199.9914403069981
199.98628091815047
199.99588010588457
199.99812001499816
199.9847611906693
199.9929202665606
199.99072048796106
199.99663997847807
199.9884807445877
199.99883988730198
199.9847611906693
199.99960007342386
170.5271454156819
199.99960007342386
199.9995999279053
199.99512009355314
199.98552112427174
199.98776065585216
199.9862410513806
199.99516010937523
199.9936401014329
199.98924056095527
199.99068047391555
199.99664012399234
199.98924056095527
199.98920054750195
199.99735998564276
199.99812001499816
199.99440024802695
199.99735998564276
199.9936802621727
199.99663997847807
199.99364024694282
199.98700085072971
199.98700085072971
199.98924056095527
199.98404127421503
199.99807999799162
199.9884807445877
199.98700085072971
199.99440010251595
199.99812001499816
199.98552097877368
199.99220043687
199.98772064299106
199.9914404525048
199.9995999279053
199.9936802621727
199.98552097877368
199.98920054750195
199.99220043687
199.98772064299106
199.98996051484357
199.99884003281943
199.98776080135352
199.9995999279053
199.99956005582504
199.99440010251595
199.98404127421503
199.98776080135352
199.98772078849234
199.98700085072971
199.98776065585216
199.98920054750195
199.9929202665606
199.99592012201077
199.99660010757802
199.98480105684914
199.9862410513806
199.98404127421503
199.9884805990853
199.9862409058815
199.99740014787653
199.9884805990853
199.98920054750195
199.99072048796106
199.9884805990853
199.9847611906693
199.99072048796106
199.98772078849234
199.99735998564276
199.99220029136222
199.99216027672455
199.98776080135352
199.98996051484357
199.99068032840995
199.98996051484357
199.98480120234618
199.9914403069981
199.98996051484357
199.98180168044254
199.9884807445877
199.99812001499816
199.98476104517232
199.9981201605146
199.98996036933903
199.9884807445877
199.99588010588457
199.99368011666274
199.98404127421503
199.9884807445877
199.99807999799162
199.99296028150235
199.9929202665606
199.98772064299106
199.99072048796106
199.99364024694282
199.9958799603714
199.99812001499816
199.99220043687
199.9884805990853
199.99735998564276
199.9884807445877
199.98552097877368
199.99068047391555
199.99296028150235
199.99735998564276
199.9929202665606
199.9929202665606
199.9914403069981
199.9847611906693
199.9914403069981
199.99740014787653
199.99735998564276
199.99216027672455
1.5175867014588855
199.98776065585216
199.9914404525048
199.9914403069981
199.99512009355314
199.9936802621727
199.99663997847807
199.99068047391555
199.99220029136222
199.9921604222323
199.99368011666274
199.99440010251595
199.98996051484357
199.98700085072971
199.98772078849234
199.9929202665606
199.9936802621727
199.99735998564276
199.99220029136222
199.99068047391555
199.98776065585216
199.99660010757802
199.9884805990853
199.99516025488734
199.98476104517232
199.98776080135352
199.9862409058815
199.99960007342386
199.98700085072971
199.99440010251595
199.99220029136222
199.99512009355314
199.9929202665606
199.98996051484357
199.99812001499816
199.99735998564276
199.99588010588457
199.98996051484357
199.99296028150235
199.98844073143843
199.98776065585216
199.99588010588457
199.98552112427174
199.9995999279053
199.98772078849234
199.98628091815047
199.99807999799162
199.9914404525048
199.98700085072971
199.9884805990853
199.99588010588457
168.37111547680556
199.9914404525048
199.99591997649756
199.9921604222323
199.99812001499816
199.98996051484357
199.9995999279053
199.9929202665606
199.98552097877368
199.9862410513806
199.9914403069981
199.99664012399234
199.9914403069981
199.99588010588457
199.98700085072971
199.9914403069981
199.9936802621727
199.98996051484357
199.99068047391555
199.98924056095527
199.99440010251595
199.98552112427174
199.9914403069981
199.98552097877368
199.9884807445877
199.99364024694282
199.98776065585216
199.99807999799162
199.9936802621727
199.99812001499816
199.9914403069981
199.98996051484357
199.9847611906693
199.9884807445877
199.9914403069981
199.9995999279053
199.99588010588457
199.9847611906693
199.9914403069981
199.99592012201077
199.99956005582504
199.98628091815047
199.99807999799162
199.99960007342386
199.9929202665606
199.9907203424554
199.99884003281943
199.98772078849234
199.99740000236116
199.99956005582504
199.98552097877368
199.98552112427174
199.9914403069981
199.99663997847807
199.98700085072971
199.99068047391555
199.99664012399234
199.99884003281943
199.99368011666274
199.98772078849234
199.9929202665606
199.99812001499816
199.99735998564276
199.99440010251595
199.9936802621727
199.9929202665606
199.98924056095527
199.9854811123068
199.98924056095527
199.99735998564276
199.98700085072971
199.98404127421503
199.99068047391555
199.9907203424554
199.99588010588457
199.9936802621727
199.99512009355314
199.98700085072971
199.9914403069981
199.9929202665606
199.99664012399234
199.9884805990853
199.99072048796106
199.99364024694282
199.98404127421503
199.99735998564276
199.99735998564276
199.98700085072971
199.98552112427174
199.9914403069981
199.99592012201077
199.9847611906693
199.9958799603714
199.99440024802695
199.98628091815047
199.99956005582504
199.99663997847807
199.98404127421503
199.99440010251595
199.9936802621727
199.99660010757802
199.9907203424554
199.99660010757802
199.99740000236116
199.99364024694282
199.98552097877368
199.98700085072971
199.98628091815047
199.99660010757802
199.99588010588457
199.99072048796106
199.9995999279053
199.99512009355314
199.99664012399234
199.98772078849234
199.99292012105172
199.98628106364967
199.98552097877368
199.99956005582504
199.99591997649756
199.9862410513806
199.99216027672455
199.9944401180499
199.99440024802695
199.99440010251595
199.99364024694282
199.99440010251595
199.98996051484357
199.9936802621727
199.99883988730198
199.98552112427174
199.99220029136222
199.98772078849234
199.98996051484357
199.99663997847807
199.98552112427174
199.98552097877368
199.9862409058815
199.99664012399234
199.9914403069981
199.98552112427174
199.99884003281943
199.99292012105172
199.98700085072971
199.99068047391555
199.99072048796106
199.98700085072971
199.9832813518592
199.9884807445877
199.98920054750195
199.99440010251595
199.99888005013014
199.99440010251595
199.98772078849234
199.99440010251595
199.99516010937523
199.99960007342386
199.9929202665606
199.99807999799162
199.99663997847807
199.9929202665606
199.98480120234618
199.99588010588457
199.98700085072971
199.98996051484357
199.99068032840995
199.98776080135352
168.14776828775302
199.9862409058815
199.9862409058815
199.98404127421503
199.99960007342386
199.98700085072971
199.9929202665606
199.9884805990853
199.98996051484357
199.9884807445877
199.99068032840995
199.9914404525048
199.99220029136222
199.9847611906693
199.98700085072971
199.98776065585216
199.99512009355314
199.98776080135352
199.9995999279053
199.99588010588457
199.98700085072971
199.99440024802695
199.9929202665606
199.9884805990853
199.9914403069981
199.99588010588457
199.99960007342386
199.9936401014329
199.98996051484357
199.99884003281943
199.9914404525048
199.99516010937523
199.98476104517232
199.99960007342386
199.99516010937523
199.99735998564276
199.9847611906693
199.99884003281943
199.99740000236116
199.9914404525048
199.9965999620638
199.9914404525048
199.9914403069981
199.99960007342386
199.98552097877368
199.99220029136222
199.9862409058815
199.9936802621727
199.99440010251595
199.99736013115805
199.99068032840995
199.9936802621727
199.99884003281943
199.9847611906693
199.98924056095527
199.99516010937523
199.9929202665606
199.9914403069981
199.9884807445877
199.99955991030652
199.99812001499816
199.99736013115805
199.98700070522946
199.98996051484357
199.98996051484357
199.99960007342386
199.99440010251595
199.99884003281943
199.99735998564276
199.98776080135352
199.98552097877368
199.9862410513806
199.9907203424554
199.998080143508
199.98776065585216
199.9914404525048
199.99807999799162
199.9988799046126
199.99884003281943
199.98920054750195
199.99664012399234
199.99664012399234
199.9965999620638
199.99960007342386
199.98920054750195
199.99888005013014
199.98772064299106
199.99072048796106
199.9929202665606
199.98920054750195
199.98480120234618
199.99364024694282
199.99220029136222
199.98772064299106
199.9929202665606
199.98628091815047
199.99884003281943
199.9914404525048
199.99883988730198
199.9929202665606
199.98700085072971
199.9892006930054
199.9907203424554
199.9884807445877
199.98404127421503
199.98476104517232
199.98776080135352
199.99735998564276
199.98772078849234
199.99960007342386
199.9995999279053
199.98552112427174
199.99807999799162
199.98628091815047
199.99660010757802
199.98628091815047
199.98920054750195
199.9847611906693
199.9995999279053
168.6809135965304
199.98400126284224
199.99072048796106
199.9929202665606
199.9995999279053
199.9884807445877
199.99807999799162
199.98924056095527
199.98700085072971
199.98404127421503
199.98996051484357
199.99512009355314
199.99368011666274
199.98996051484357
199.98772078849234
199.99440024802695
199.99220029136222
199.99440010251595
199.9995999279053
199.9847611906693
199.9914404525048
199.99368011666274
199.9884807445877
199.99216027672455
199.98996051484357
199.98180168044254
199.98700085072971
199.98552097877368
199.99812001499816
199.98700085072971
199.99216027672455
199.99736013115805
199.98924056095527
199.9936401014329
199.99812001499816
199.9884807445877
199.9929202665606
199.99884003281943
199.98924056095527
199.99440010251595
199.9929202665606
166.65119584611165
199.98924056095527
199.98772078849234
199.99664012399234
199.99216027672455
199.98628091815047
199.98772078849234
199.99216027672455
199.99072048796106
199.99440010251595
199.99220029136222
199.98772078849234
199.99588010588457
199.99440010251595
167.82429062513907
199.99888005013014
199.99440024802695
199.9914403069981
199.99884003281943
199.9995999279053
199.99068047391555
199.99735998564276
199.99960007342386
199.9995999279053
199.98700085072971
199.9847611906693
199.98920054750195
199.99812001499816
199.99516010937523
199.99068047391555
199.98480120234618
199.9884405859361
199.98552112427174
199.9907203424554
199.9862410513806
199.98628091815047
199.99068047391555
199.98924056095527
199.98996051484357
199.98548096680878
166.42163855032055
199.99440024802695
199.99735998564276
199.9832813518592
199.9914404525048
199.98628091815047
199.99812001499816
199.9965999620638
199.99736013115805
199.9884805990853
199.99220029136222
199.9921604222323
199.98628091815047
199.9862409058815
199.9929202665606
199.98996051484357
199.98552097877368
199.9929202665606
199.99588010588457
199.9929202665606
167.4651965196473
199.99364024694282
199.98552097877368
199.99072048796106
199.99364024694282
199.99883988730198
199.9884807445877
199.98700085072971
199.99663997847807
199.9921604222323
199.98552097877368
199.98776080135352
199.98772064299106
199.9914404525048
199.98404127421503
199.98996051484357
199.9995999279053
199.98700085072971
199.9929202665606
199.99956005582504
199.98552097877368
199.99884003281943
199.9936802621727
199.99220029136222
199.9899205011022
199.98924056095527
199.9929202665606
199.98920054750195
199.9944401180499
199.98328149735403
199.98700085072971
199.9832813518592
199.98404127421503
199.98552097877368
199.99068047391555
199.99440010251595
199.99736013115805
199.98332136294394
199.9862409058815
199.99812001499816
199.99068047391555
199.98996051484357
199.99516010937523
199.99440010251595
199.98772078849234
199.98996051484357
199.99220029136222
199.99960007342386
199.98400126284224
199.9944401180499
199.9862409058815
199.99960007342386
199.99512009355314
199.9914403069981
199.99736013115805
199.9988799046126
199.9929202665606
199.9884807445877
199.99807999799162
199.98552097877368
199.98700085072971
199.99068047391555
199.99296028150235
199.9936401014329
199.98996051484357
199.99588010588457
199.99884003281943
199.98404127421503
199.99664012399234
199.99735998564276
199.98920054750195
199.98480120234618
199.99807999799162
199.98776080135352
199.99068032840995
199.9914404525048
199.9884805990853
199.99516010937523
199.99664012399234
199.99440010251595
199.99440024802695
199.98920054750195
199.9995999279053
199.9914404525048
199.9929202665606
199.9884805990853
199.98552112427174
199.9862409058815
199.99812001499816
199.9884805990853
199.99068047391555
199.9929202665606
199.9914403069981
199.99516010937523
199.99736013115805
199.98924056095527
199.9884405859361
199.99516010937523
199.9884807445877
199.9884805990853
199.9936802621727
199.99588010588457
199.9929202665606
199.99955991030652
199.9936802621727
199.9929202665606
199.99440010251595
199.99884003281943
199.99812001499816
199.9929202665606
199.98700085072971
199.99812001499816
199.99884003281943
168.11268792787612
199.98996051484357
199.9884805990853
199.9936802621727
199.9965999620638
199.9884807445877
199.99663997847807
199.99068047391555
199.98924056095527
199.99884003281943
199.99516010937523
199.99440024802695
199.98920054750195
199.9907203424554
199.98696083817262
199.994440263561
199.98996051484357
199.9936401014329
199.98772078849234
199.9884807445877
199.99516010937523
199.98772064299106
199.99960007342386
199.9847611906693
199.98776065585216
199.9914404525048
199.9847611906693
199.98996036933903
199.98552112427174
199.99364024694282
199.99740000236116
199.99588010588457
199.98476104517232
199.9929202665606
199.98996051484357
199.9847611906693
199.99516010937523
199.99068047391555
199.99220029136222
199.99588010588457
199.9884805990853
199.99812001499816
199.99736013115805
199.99955991030652
199.9929202665606
199.99960007342386
199.99440010251595
199.99516010937523
199.99807999799162
199.98404127421503
199.98628091815047
199.9862410513806
199.99663997847807
199.98400126284224
199.99812001499816
199.9936802621727
83.08572402901629
199.99588010588457
199.98700085072971
7.4098702286708695
199.9929202665606
199.98552097877368
199.98844073143843
199.98776065585216
199.98996051484357
199.99660010757802
199.98628091815047
199.99068047391555
199.9914403069981
199.9914404525048
199.99440010251595
199.99664012399234
199.99663997847807
199.9862409058815
199.9929202665606
199.9847611906693
199.99960007342386
199.99368011666274
199.98772078849234
199.9914403069981
199.9892006930054
199.9884805990853
199.99664012399234
199.9936401014329
199.98996051484357
199.99740000236116
199.99660010757802
199.99664012399234
199.98996051484357
199.99292012105172
199.9862410513806
199.98996051484357
199.99883988730198
199.98924070645876
199.98476104517232
199.99588010588457
199.99736013115805
199.98776065585216
199.98920054750195
199.99220043687
199.99955991030652
199.9929202665606
199.98776080135352
199.9884805990853
199.99512009355314
199.98924056095527
199.99068047391555
199.99960007342386
199.9995999279053
199.99440024802695
199.98400126284224
199.98480105684914
199.99956005582504
199.99516010937523
199.99960007342386
199.98476104517232
199.9847611906693
199.99812001499816
199.9825615915531
199.9914403069981
199.99588010588457
199.99440010251595
199.99736013115805
199.98776065585216
199.99068047391555
199.99735998564276
199.98700085072971
199.99440024802695
199.98996051484357
199.9995999279053
199.98552112427174
199.98696083817262
199.99296013599346
199.99140043817118
199.9884805990853
199.99960007342386
199.9929202665606
168.0677070217656
199.99736013115805
199.99884003281943
199.99440010251595
199.98404127421503
199.98996051484357
199.98552097877368
199.976642788892
199.98032188543127
199.99807999799162
199.99812001499816
199.99664012399234
199.98772078849234
199.9884805990853
199.98700085072971
199.99440024802695
199.9995999279053
199.99512009355314
199.99072048796106
199.99955991030652
199.994440263561
199.98476104517232
199.99068047391555
199.98628091815047
199.9929202665606
199.99440024802695
199.99068032840995
199.98776080135352
199.99512009355314
199.98628091815047
199.9921604222323
199.99663997847807
199.98404127421503
199.99735998564276
199.99956005582504
199.99072048796106
199.9936401014329
199.9929202665606
199.99888005013014
199.99364024694282
199.99292012105172
199.98924070645876
199.9965999620638
199.98996051484357
199.99516010937523
199.99068047391555
199.99588010588457
199.98776065585216
199.9929202665606
199.99660010757802
199.9884805990853
199.9884807445877
199.9884805990853
199.99072048796106
199.99807999799162
199.99516010937523
199.98552112427174
199.9914403069981
199.99068047391555
199.9847611906693
199.99735998564276
199.99440010251595
199.99664012399234
199.98772078849234
199.99516010937523
199.98476104517232
199.99588010588457
199.98628091815047
199.99884003281943
199.9862410513806
199.98924056095527
199.9929202665606
199.9862409058815
199.99588010588457
199.98552097877368
199.9862409058815
199.99960007342386
199.9914403069981
199.9921604222323
199.99591997649756
199.99440024802695
199.9832813518592
199.99807999799162
199.99516010937523
199.9847611906693
199.9914403069981
199.99960007342386
168.29868702372667
199.98480120234618
199.9862409058815
199.9914404525048
199.9862409058815
199.9914404525048
199.99663997847807
199.99812001499816
199.99588010588457
199.99735998564276
199.98996051484357
199.99884003281943
199.99735998564276
199.9847611906693
199.98996051484357
199.98628091815047
199.99807999799162
199.98700085072971
199.99440024802695
199.98628091815047
199.99660010757802
199.9914403069981
199.98552097877368
199.9921604222323
199.99740000236116
199.99068047391555
199.9914403069981
199.98700085072971
199.99735998564276
199.99664012399234
199.99364024694282
199.99292012105172
199.99960007342386
199.99956005582504
199.98628091815047
199.9995999279053
199.99512009355314
199.99960007342386
199.99660010757802
199.98700070522946
199.98328149735403
199.9944401180499
199.99512009355314
199.9847611906693
199.99960007342386
199.99368011666274
199.98996051484357
199.99216027672455
199.99516010937523
199.99440024802695
199.9862409058815
199.9914403069981
199.98700085072971
199.9884807445877
199.98700085072971
199.9862409058815
199.99068047391555
199.9929202665606
199.99220029136222
199.98700085072971
199.9958799603714
199.98996051484357
199.98996051484357
199.98328149735403
199.98552097877368
199.99512009355314
199.99960007342386
199.98772078849234
199.99296013599346
199.99440024802695
199.98696083817262
199.98700085072971
199.98332136294394
199.99807999799162
199.99440010251595
199.98628106364967
199.98920054750195
199.99884003281943
199.99440010251595
199.99884003281943
199.9995999279053
199.9936802621727
199.99068047391555
199.99663997847807
199.99364024694282
199.9995999279053
199.99884003281943
199.99812001499816
199.99807999799162
199.99072048796106
199.98552097877368
199.9854811123068
199.99812001499816
199.9862409058815
199.98480120234618
199.98552112427174
199.99735998564276
199.99660010757802
199.98776065585216
199.99216027672455
199.99440024802695
199.99516010937523
199.98772078849234
199.9862409058815
199.9944401180499
199.99807999799162
199.98776080135352
199.9884405859361
199.9936802621727
199.9936802621727
199.99440010251595
199.99512009355314
199.99220029136222
199.9854811123068
199.99516010937523
199.98700085072971
199.9847611906693
199.99440010251595
199.98776080135352
199.98996051484357
199.98920054750195
199.99440010251595
199.99440024802695
199.99292012105172
199.99884003281943
199.98700085072971
199.99960007342386
199.99884003281943
199.99663997847807
199.99884003281943
199.98552097877368
199.998080143508
199.98924056095527
199.99512009355314
199.99368011666274
199.9921604222323
199.98996051484357
199.9862409058815
199.98700085072971
199.98480105684914
199.9914404525048
199.98696083817262
199.9995999279053
199.99516010937523
199.9914404525048
199.99588010588457
199.99807999799162
199.9929202665606
199.99368011666274
199.99812001499816
199.9847611906693
199.99884003281943
199.99812001499816
199.99956005582504
199.99740000236116
199.99660010757802
199.98924056095527
199.9929202665606
199.9958799603714
199.98772078849234
199.99884003281943
199.99812001499816
199.9884805990853
199.99884003281943
199.9914404525048
199.99588010588457
199.9995999279053
199.99068047391555
199.9936401014329
199.99812001499816
199.9929202665606
199.9929202665606
199.9929202665606
199.99812001499816
199.98552112427174
199.98400126284224
199.98924056095527
199.99955991030652
199.99812001499816
199.9884807445877
199.98552097877368
199.98400140833812
199.99220029136222
199.98920054750195
199.99663997847807
199.9951202390652
199.9884805990853
199.99220029136222
199.98996051484357
199.9862409058815
199.99072048796106
199.9899205011022
199.99888005013014
199.9914403069981
199.99956005582504
199.98476104517232
199.9929202665606
199.99516010937523
199.99664012399234
199.9847611906693
199.99216027672455
199.99888005013014
199.9884405859361
199.9929202665606
199.98996051484357
199.99884003281943
199.98996051484357
199.99812001499816
199.99216027672455
199.9884805990853
199.99888005013014
199.9854811123068
199.98480105684914
199.99440024802695
199.98772078849234
199.99216027672455
199.99592012201077
199.98920054750195
199.99812001499816
199.9929202665606
199.99588010588457
199.9958799603714
199.99440024802695
199.99807999799162
199.98480120234618
199.99735998564276
199.99735998564276
199.99068047391555
199.99516010937523
199.99588010588457
199.99440010251595
199.99884003281943
199.9884807445877
199.9995999279053
199.9884805990853
199.998080143508
199.9958799603714
199.9936802621727
199.98700085072971
199.99588010588457
199.99884003281943
199.98996051484357
199.9958799603714
199.98700085072971
199.98772078849234
199.99516010937523
199.98920054750195
199.99588010588457
199.98404127421503
199.9914404525048
199.99807999799162
199.9929202665606
199.99440010251595
199.98776080135352
199.99955991030652
199.99812001499816
199.99068047391555
199.98996051484357
199.9936802621727
199.9995999279053
199.98772078849234
199.99884003281943
199.9929202665606
199.9862409058815
199.99516010937523
199.9884805990853
199.98700085072971
199.98996051484357
199.99956005582504
199.9995999279053
199.9951202390652
199.9884805990853
199.9884805990853
199.98996051484357
199.9936802621727
199.98996051484357
199.9847611906693
199.98920054750195
199.98552097877368
199.99812001499816
199.98996051484357
199.9921604222323
199.9995999279053
199.98552112427174
199.9884405859361
199.98628091815047
199.98552112427174
199.99735998564276
199.99068047391555
199.98924056095527
199.98920054750195
199.98552112427174
199.98772064299106
199.99664012399234
199.99735998564276
199.99736013115805
199.9884805990853
199.99588010588457
199.9847611906693
199.9884805990853
199.99072048796106
199.99955991030652
199.98552112427174
199.99516010937523
199.9884405859361
199.98996051484357
199.9884807445877
199.9884805990853
199.98996051484357
199.99068047391555
199.98628091815047
199.98996051484357
199.99068047391555
199.99516010937523
199.98920054750195
199.9862409058815
199.99812001499816
199.9862410513806
199.99220029136222
199.9995999279053
199.9899205011022
199.99812001499816
199.99736013115805
199.99663997847807
199.9914404525048
199.99068032840995
199.99588010588457
199.99664012399234
199.98552097877368
199.99440024802695
199.9958799603714
199.9914404525048
199.99068047391555
199.9958799603714
199.99884003281943
199.99960007342386
199.9914403069981
199.99440024802695
199.9862409058815
199.99588010588457
199.98700085072971
199.9914403069981
199.98628091815047
199.98844073143843
199.99812001499816
199.99812001499816
199.99440010251595
199.99735998564276
199.99068047391555
199.99736013115805
199.98700085072971
199.99220029136222
199.9914403069981
199.99512009355314
199.99072048796106
199.99216027672455
199.98404127421503
199.9929202665606
199.99660010757802
199.98700070522946
199.99884003281943
199.99664012399234
199.98700085072971
199.9847611906693
199.98996051484357
199.99812001499816
199.99216027672455
199.99812001499816
199.9847611906693
199.98996051484357
199.9936401014329
199.98700085072971
199.9847611906693
199.9936802621727
199.9914403069981
199.9929202665606
199.9862409058815
199.99516010937523
199.99660010757802
199.9929202665606
199.98924056095527
199.9884405859361
199.99812001499816
199.99588010588457
199.98996051484357
199.99736013115805
199.98772064299106
199.9914404525048
199.99440010251595
199.99440010251595
199.9936802621727
199.99512009355314
199.98924056095527
199.9921604222323
199.99735998564276
199.99735998564276
199.9944401180499
199.99440024802695
199.98772078849234
199.98552097877368
199.99588010588457
199.99735998564276
199.98328149735403
199.98700085072971
199.99512009355314
199.99588010588457
199.9988799046126
199.9847611906693
199.98772078849234
199.9929202665606
199.9914403069981
199.9929202665606
199.99516010937523
199.9862409058815
199.99884003281943
199.98920054750195
199.98628106364967
199.9884805990853
199.99884003281943
199.99364024694282
199.99292012105172
199.9929202665606
199.98776080135352
199.98920054750195
199.99588010588457
199.9862409058815
199.98996051484357
199.99588010588457
199.83677333690932
199.99807999799162
199.99592012201077
199.99440010251595
199.98180168044254
199.99884003281943
199.99068047391555
199.98552097877368
199.9914404525048
199.9958799603714
199.9884807445877
199.9914403069981
199.99512009355314
199.99588010588457
199.98628091815047
199.9847611906693
199.99220029136222
199.9847611906693
199.98552112427174
199.98548096680878
199.9914404525048
199.99220029136222
199.98996051484357
199.9929202665606
199.98548096680878
199.9914404525048
199.99440010251595
199.98996051484357
199.99588010588457
199.98628091815047
199.99735998564276
199.98552112427174
199.99068032840995
199.99440024802695
199.9884805990853
199.99512009355314
199.99516010937523
199.99812001499816
199.99440024802695
199.98400126284224
199.99588010588457
199.9907203424554
199.98996051484357
199.99884003281943
199.98920054750195
199.99884003281943
199.99440024802695
199.9907203424554
199.9929202665606
199.99512009355314
199.98996051484357
199.98996051484357
199.99588010588457
199.98700085072971
199.9929202665606
199.98920054750195
199.9914403069981
199.98480120234618
199.9854811123068
199.98924056095527
199.98400126284224
199.98332136294394
199.99735998564276
199.9862410513806
199.98552097877368
199.98996051484357
199.9884807445877
199.9936401014329
199.99960007342386
199.99807999799162
199.99735998564276
199.98700085072971
199.99884003281943
199.99220029136222
199.98772078849234
199.98480120234618
199.98548096680878
199.9936802621727
199.98552097877368
199.9914404525048
199.9929202665606
199.9884405859361
199.98924056095527
199.9914404525048
199.99735998564276
199.99956005582504
199.99516010937523
199.9914403069981
199.98920054750195
199.99884003281943
199.99740000236116
199.98772078849234
199.98552112427174
199.9936401014329
199.9884807445877
199.9862409058815
199.9914403069981
199.99812001499816
199.99588010588457
199.99588010588457
199.98920054750195
199.98924070645876
199.98700070522946
199.99440024802695
199.9929202665606
199.99884003281943
199.99216027672455
199.9862409058815
199.98700085072971
199.99884003281943
199.9907203424554
199.9884807445877
199.99588010588457
199.99735998564276
0.9244366798346625
199.98552097877368
199.99216027672455
199.99888005013014
199.99807999799162
199.98996051484357
199.9929202665606
199.99960007342386
199.99883988730198
199.9892006930054
199.98996051484357
199.99735998564276
199.99512009355314
199.98700085072971
199.99664012399234
199.99735998564276
199.99068047391555
199.99516010937523
199.98696083817262
199.98996051484357
199.98924056095527
199.99068047391555
199.9914403069981
199.99735998564276
199.99736013115805
199.9995999279053
199.99364024694282
199.98552097877368
199.9951202390652
199.99735998564276
199.9914403069981
199.98480120234618
199.99216027672455
199.99812001499816
199.98772078849234
199.9832813518592
199.99664012399234
199.99735998564276
199.99512009355314
199.9862410513806
169.083889886563
199.9914404525048
199.99588010588457
199.99292012105172
199.99440024802695
166.69697772039237
199.9914403069981
199.99516010937523
199.9921604222323
199.98700085072971
199.9965999620638
199.98996051484357
199.99440010251595
41.30388091538011
62.55059170201883
199.9914403069981
23.334650342549235
199.98996036933903
199.99068047391555
199.99884003281943
199.99884003281943
199.99588010588457
199.98776065585216
199.9914404525048
199.9847611906693
199.99216027672455
199.98552097877368
195.75535823074972
199.99960007342386
199.98552097877368
199.99956005582504
199.99664012399234
199.99883988730198
199.98700085072971
199.9951202390652
199.98996051484357
199.99812001499816
199.9862409058815
199.98772078849234
199.99883988730198
199.99812001499816
199.99588010588457
199.99364024694282
199.99072048796106
199.98920054750195
199.98772078849234
199.9884805990853
199.99440010251595
199.99072048796106
199.99068047391555
199.99735998564276
199.99735998564276
199.99664012399234
199.98772078849234
199.99807999799162
199.99588010588457
199.9995999279053
199.99884003281943
199.9914403069981
199.99068047391555
199.9884807445877
199.9995999279053
199.99216027672455
199.99220029136222
199.9884807445877
199.99364024694282
199.98996036933903
199.9921604222323
199.98628091815047
199.98696083817262
199.99440010251595
199.99440024802695
199.99735998564276
199.98552097877368
199.9929202665606
199.9892006930054
199.9958799603714
199.99588010588457
199.9936802621727
199.99660010757802
199.99740000236116
199.98772078849234
199.99883988730198
199.99068047391555
199.98628091815047
199.9929202665606
199.99364024694282
199.98700085072971
199.9914403069981
199.9847611906693
199.9929202665606
199.99660010757802
199.9907203424554
199.9914404525048
199.98700085072971
199.99140029266457
199.99888005013014
199.9862409058815
199.98996051484357
199.98996051484357
199.9847611906693
199.98772064299106
199.9847611906693
199.98404127421503
199.98552112427174
199.98476104517232
199.9914404525048
199.98920054750195
