1.4407853778741575
78.71722411455751
60.21158350201629
56.38027367093132
51.970459990977304
54.93781039706372
30.617274879071086
60.526459143701985
37.03882038619582
58.61149371797971
63.24070677585021
51.301256369561834
44.49586188239185
56.27715372747188
44.51884037280546
31.866619080025494
63.378987331316786
58.833219587957316
62.426648684311935
48.14311986924078
44.86316733801618
53.26345168689886
48.01482697967803
47.7415843492309
44.14933069575223
54.45288464235229
35.07356680787047
66.21551826486866
50.2028193903271
49.480455218747245
55.35504727348626
48.0621347281092
49.36613878148688
43.74893361663661
54.84410563262998
48.48602390161302
36.60067564960932
56.90450854537814
56.58124784232948
50.6224024385573
47.69786265838561
35.49926161512781
61.012068185645816
48.52719949441766
54.40666808039377
41.97677005708484
50.35550989915072
49.99825006047357
47.869106714034764
43.04352130435778
54.338966472754905
46.43042864647874
48.841718643641286
44.279919940196514
51.23974564790652
49.60489699503911
46.50535509341806
44.83641434186351
54.36230300487944
48.58165847846429
47.954960702687835
43.32718087261742
52.12568545253115
44.42568693115003
53.99014140151727
42.754775709075766
53.85986739549908
49.61326460307395
47.4108912286596
41.935930286963014
56.25879043519501
49.50200978388939
47.018332445867664
42.47041935503387
54.041201009043526
47.24937748892284
48.99294991384957
21.054315924694805
52.88626807999049
41.08007739404135
57.58312123635862
55.66162186590139
50.24393430209443
45.82720394645386
44.476863136272584
52.46011719547353
47.12735224183118
46.18233710281231
44.2295869396668
57.85229153157868
50.42101547851511
47.15157344840827
41.313266102577785
54.76001423932576
42.77379506127714
58.47987415070997
39.958283551804676
53.75448178170468
51.37954066547617
45.2617714563191
43.45823229311919
45.626266129438214
57.89583381457365
45.81754537149377
44.69613333699765
30.133551902627072
61.08698175282948
61.01541859326307
57.85463444737915
55.581184655845426
49.1782317464495
47.778993487439465
45.46632536760977
49.066028154556236
56.742417794745315
47.987408101806544
50.20407958392373
42.46086170222831
54.340442875006474
55.5660513608591
47.48044992490479
48.51754637332946
44.05208718641954
56.23885767912289
43.937117197613944
54.75581643362956
42.15958245128534
54.200248241491884
56.57356543503246
44.33115371748392
53.530038380115556
43.49849712766561
55.252281921443014
48.819781774599356
46.05726760545249
35.434605435059225
59.729663547310814
60.31836030374103
47.55564009659915
44.245438298322426
43.278240131736304
59.45020451029319
44.19948109621503
48.47403730640506
51.18100161530197
26.171501851326685
38.772313464960874
52.80304990494913
44.824556685829414
51.79227155708265
41.276773147975454
54.954717313797474
48.66227408210008
46.66704000424491
42.98930426223305
55.44866285396239
49.68376284887021
49.36272719153474
39.92446291673352
51.323373175164896
50.18115396580417
51.54878319191388
40.66346509866552
55.88808968532352
42.12619322518528
58.76994505142867
41.83925358687883
52.21305013137171
49.19710327197506
31.574128160390444
59.94521007601621
58.90114032522419
59.74857798306916
48.91482461755935
39.73457305235516
54.735136671298314
50.74776836879363
34.872123922055295
57.64187105051683
29.822615085418004
60.69397491045143
58.402686525424514
59.09990839445521
58.76269274427293
46.35767729377818
54.78251342014115
46.14632075429461
44.648238851646155
52.64765033612912
47.43765505980144
43.18013023015158
50.97749343728091
49.11301888227522
48.431309873192525
42.93467060328977
52.222320867161464
42.93172138939701
54.97042591044739
41.863249509430176
44.8086893014671
63.19634471775148
46.447897071859174
38.9456630110758
61.490026318403665
50.31041526366953
34.738867929207196
57.78776864445922
56.693199083882654
25.83198361156824
59.925811845544914
58.835988798673014
59.187707896590226
58.97686927264441
52.86949165874239
42.85206182519036
54.155925744620596
47.56581920345037
49.88800143588519
42.041360289357705
53.6371340604702
51.57936000492219
47.749107092085595
41.38952927564894
54.79001725982103
48.28305457745658
47.355435694875204
42.32356364288166
54.092357294915644
48.08732658384989
48.21833261100243
42.01257015934747
49.618188045325944
52.17627231748254
42.987641051750465
46.55992028918893
54.651677537471215
48.438113041182426
48.90047286872718
43.341452633876806
50.13360605960063
54.79211870223088
47.577587150418815
45.90124805410135
49.14681135198793
56.94922976736825
49.86785019650786
45.51164187826627
44.00052800363348
54.12309757695804
53.601483689368
49.62656013386494
38.671106109406445
56.20092956483057
50.24898371248422
51.4996704009112
50.066588563292704
42.70456554533838
56.471970136156386
41.161240931140306
57.18402964292219
58.71921644873997
41.40786749605659
40.763417279213336
39.36868378676028
61.15123311413332
48.97375496192428
63.307567157828316
50.59166957518297
43.85291731530694
45.67273657144629
56.41621628004561
45.14326214056588
48.624415292514975
44.087239831419694
53.81638924277262
47.04952432745006
46.70147483439297
45.70592805908033
53.87060281311676
47.38325949115059
39.46236474390695
51.214815420142635
55.90183637950572
45.254602391744314
42.89249852948028
49.863374355902266
49.86063951146051
48.60598048244316
40.58556858391437
55.19860457772753
54.99763509948956
49.3276639432612
48.42427411773512
43.98098262294785
53.34784394558839
51.60571172393957
45.27181195829073
55.33666828950144
43.67975748849578
57.36576411614192
21.196410175519258
57.5119193461289
52.401289073367664
42.53744358454701
62.963965720618596
60.73599883334379
49.72650422804681
43.98136949114457
54.48819240849392
53.39398890765485
49.010238238721605
50.69502884356368
43.16354234699291
44.94341623590843
63.936166136914196
45.082817135725165
58.191636693906744
42.15798282537939
59.39864808760408
52.80165586024247
49.98225629918928
50.262622201959296
44.50695198503954
51.91811474881981
54.33010974909033
48.857945522316676
51.32864189503365
44.27462665498996
54.66302975137871
53.16773356549906
28.302954828907847
57.38189371849963
62.909699413143116
59.075468915274286
62.996887950091974
53.343290747872224
50.19853520619932
43.69483526922346
54.282038617254734
53.009621246717124
49.56506654153683
50.83987472985004
43.407299371552064
54.98523646641208
52.999507104687
49.095175906959156
50.46656337737786
42.62701785560754
51.49569238761093
57.615634579599686
51.13023381589679
49.70722445085973
44.421542671050695
52.87368476741557
54.515520565857734
49.30577469211467
48.279091775763874
45.66064098490079
51.55276941222948
55.49666742528505
50.80913548273197
37.1943553847023
57.0554807486056
57.591411972309764
54.42947029280408
50.07410968081978
50.11099585675593
44.1074634234873
36.90608876639208
64.32026345338734
62.528528639532745
53.23339650388236
42.63392381532718
56.22304807377623
52.94478917584312
49.89123710422684
50.455614195135006
43.87331142371295
53.79670226455758
54.1999544741563
47.20410109186405
53.69588796555213
42.40360600376425
54.55001691067866
54.352552397133955
50.5188283654171
51.96586881722489
46.60179696424121
48.3750810305166
54.92966256385804
50.585783372667976
49.48951564684588
42.22705487272367
55.61456879209621
55.264495878049615
44.557521534253226
55.36730671158327
45.33913674326167
50.87272153805486
54.22993492458479
48.518017163380144
47.79634931793983
43.240999383041505
53.98751808838802
49.22374159707473
39.94375918662597
50.548195175425604
51.544266216204605
51.703100115795024
48.638842005559226
43.094346455018574
56.289825050549965
44.47626968586414
53.903415862137386
47.33884672822074
46.698203520820705
54.617947460114145
47.49713829748555
45.91874219200087
44.84425590004492
53.03126723169983
46.80048485337791
42.40594361961289
51.78208029359069
50.35196020171131
47.918882913761465
42.3140719659899
52.59144337303562
49.46870609911911
46.43517185423201
20.933815648528938
55.264801298513575
44.57400621982697
52.75458041804821
55.54537223826515
51.153250023062846
47.74523144491496
42.47709422409159
52.144440103214755
49.00927745322931
49.34738089012199
49.836287793386
43.987753807946554
56.207879223168725
47.59819507700222
47.900061309478374
44.38230921376069
51.361068307338726
44.42963456655789
50.233081499212595
39.98064936730047
60.029414410789514
41.79553623699775
38.818519539267214
62.492188475273856
27.45631014719492
85.34389320539763
59.303890931633575
58.15001540883483
52.35656917922362
47.43900529899778
49.44742502607106
43.85291731530694
51.402781916346235
48.02082182896506
43.659161658027706
45.33502583999834
59.5036207982723
43.457854569935265
52.500052503126184
44.30777955980596
53.42365492644596
48.80929719213874
46.32653723034108
44.15595884707739
52.65069946331291
48.458299211199204
46.268663622110545
44.64564749565072
51.98910308386037
50.130590191353264
46.00239212168567
45.02233107779611
55.57222722141389
45.60941013440145
49.70425965331185
43.59273919427654
51.92054080261549
48.18464355631486
46.28386821940668
44.86397243644657
52.59697567161215
45.40769297326067
45.086679141124506
49.12701297942617
50.97229655569528
50.018256665132206
49.44864757618414
44.83259509335124
53.91387796908687
50.30510043199433
48.78310543626218
42.57511314342897
53.627641832495264
56.79623781699128
50.23888590182005
50.060573293976695
49.920626202710636
43.79683524333911
57.23377708239283
48.552881372540085
49.876555523027655
45.04159591455417
50.49561445817472
55.93435543630665
50.32636648988508
50.12531328350783
45.59048799735081
48.268605136574934
51.489328833829546
49.15599162491406
46.00112242656226
46.14440430016149
54.55596897075351
47.7162979779656
46.893537599903986
44.25483705347196
52.5378403793466
47.41696104692959
44.89337822801373
45.795304148759215
55.14047034691694
48.678144974469305
46.47790440538044
44.14289939418236
51.46971778888012
49.014802470096846
40.87405070046263
52.855798811072845
49.18137599743218
48.958649524559
41.847132423895474
52.60084897974664
49.93308965791558
36.57524075635297
44.69553402443732
59.08454407076924
64.58070974312844
47.7582287421405
38.44808163295181
56.94144710946307
46.598756744671185
52.13628424840012
42.175229643390345
49.9645251885576
49.54149347746357
47.94852246504218
50.741845789031366
46.5985395996166
50.36844517733427
56.17788164268652
45.910309618295564
53.95867844427071
41.43669302265801
45.34057573479524
62.39276244019374
57.25901113477233
48.73911899110458
45.80998932667451
54.973750031773065
47.49781510162322
54.19378614371613
42.67194660601101
52.22886689774259
54.40045261204562
52.611365103633396
50.66908527246148
49.42762806812402
44.269922572518105
57.53938570882625
49.92959926372869
49.94032131472045
50.51653153875073
43.685100320373785
56.93755658108553
50.60959254307607
49.99775010121134
48.0817774899308
45.17772918382866
58.30869791317078
46.75956232973603
53.99568034666357
49.86884493587068
43.59292922578631
58.415991965827295
50.30965593258714
48.78596134886968
51.622495019156354
44.74733417765691
55.47480889100677
48.46440531760353
52.44278491935896
42.28133152319311
51.43292118545039
57.470603785045775
41.28495287450907
64.93422163377656
39.614942756335736
30.19186932907784
29.58649908835892
56.67263618560981
63.63995061501302
58.71956124802809
52.61191870482151
52.83932090688707
49.03859828239296
49.5640838841453
44.29090264846489
54.3770833219064
53.40625066531852
48.53143866736028
50.81868907886644
44.67297151314051
56.31423342316761
51.34340005953368
50.12983627870015
49.12435831048438
44.40142439849352
55.41424921915889
52.981535935896304
50.297003808126625
49.074214936735736
43.24268225676908
54.21552840941691
54.998542537829216
48.946428137190615
50.06458331138658
45.50501465139861
53.437929173526115
53.0667261017495
44.773780475180956
50.085395597244926
47.62970760255678
56.30662334850519
52.15123859341259
43.08227853379131
59.42264954092305
43.135614055752306
54.44310151639712
54.694123112233626
36.126515056500935
60.375171314603854
55.01034194528525
53.39997650585182
53.06334702390691
33.48860884955326
59.71717943845901
62.82077859508297
52.086588748450794
52.16592938773964
52.54280925131766
49.98525435024826
43.85330193378227
53.125083011642396
51.900599969311045
51.84328810628128
46.65745959819876
44.761555194548926
52.53839242926436
57.78242605227156
50.338273197597616
49.179441025832844
44.82736979908984
51.22609662100148
53.981106614144245
51.03837575515156
51.26312335803126
43.79453356540342
53.41680599577781
52.43673508079
49.74406677647609
49.27831901642592
45.733938241458404
53.768066070276255
53.536056537276494
49.9835054392576
40.33429060216121
49.26035575683519
57.90186791629634
56.224628634310626
50.842201063478385
38.16910439805271
54.714771894690045
54.573237288139644
50.373519646162336
51.034729134257276
32.80861423003306
57.7473898175903
58.9605259243971
59.02734737523842
55.440977531182085
46.079764071957236
47.95358093329402
56.178512845461874
47.449809963954266
53.319967793318725
45.40192050045034
49.333504354698746
55.25258720692012
51.13363263496877
49.282933318430246
46.12801446619111
48.756466328181105
55.85156886681944
52.65291723540921
50.188205770353434
50.51602115602927
44.554543673186366
52.28020096661135
53.56875013567379
49.167350911965414
37.30480261837688
60.959626444566126
54.76361286146227
54.95199943063953
48.73531848603157
51.893328071703486
41.41455556194655
59.65768420888723
52.17273348291952
46.56815948603903
53.68810432703512
41.48964418685968
58.56995595538162
48.68643985248748
34.15592178316389
63.75680603540475
55.577786670920396
63.16800161345835
47.612699258844906
53.89644337612886
50.064833960800215
40.78187001066795
61.61847075284095
52.09744305955535
49.70327146905053
50.17586641271871
41.70559188601603
57.588758669831634
53.15077813157664
50.912349295026004
49.28269044144412
41.89130881036741
58.0814534295081
53.330489041691045
49.862131208424096
50.21038149644337
40.6150746913084
60.68660828499627
53.11943906051248
50.258832989574216
50.06358074794714
41.21841638762887
57.40528128545247
53.39284856129187
50.17485938739281
39.8668447375892
53.6587198121531
52.16075946042906
58.22077317396585
50.57120172068794
50.211137833732394
41.06253413383219
57.87874403399612
53.61384094948054
50.14215300428041
50.59115767771428
24.584582024268812
72.33586991605674
57.32268659882412
59.6441629254682
58.28558772454692
58.42042844961809
50.37453466632008
57.60003686698651
44.141145725122676
57.87371954499539
43.03888994271925
48.4270881737456
62.61897605782591
50.34435538820015
49.31209626090418
44.044326209328496
53.57994395361081
53.525454030316986
49.63123988630751
51.08269778063542
43.79127327373905
52.413648514918336
55.0682019688897
49.221076464305725
50.5512615055736
43.834847829582095
53.109282972999694
54.2552383384178
50.59448520342407
49.99200128145199
41.81336187723042
55.757210798458765
52.989677612684986
51.41731837907827
50.10446781686035
43.83503997778073
52.485999360993176
49.13642728748033
56.62642415419726
49.950299454116426
43.79760252075585
51.64969113411111
49.07228838798521
57.239673962512654
49.21816937866879
44.994780603601185
51.71673708723328
55.16510917547829
50.169824857872975
46.415773935551144
48.45595111742648
48.85627461057706
47.61156580087933
60.38610878329502
50.12933367981511
41.679344133431876
55.47511663490157
55.771515260575406
50.57145746857301
49.54443888416274
40.48648561023252
56.557247248667316
54.64301716687386
51.78154402317055
49.90791988460135
45.20489117265682
50.03427347327796
54.597669771507455
50.98165170748414
49.951546997365575
45.511020492922526
49.4327590896588
54.53157378164202
51.59825597922097
49.91589172103375
43.2378209868425
52.37933112014746
56.17977527634279
48.53709204733413
50.71122492947172
48.923918415733354
33.22082546972835
64.02786493028788
39.98192816816816
62.22000995384909
35.33743718745772
60.29508414122034
58.76683670150188
60.246044849805614
60.142055530304944
55.69169080070829
46.37745684662083
56.43086090774547
50.10898704616857
50.338273197597616
39.69451104241697
56.00295695582438
57.74372181585332
50.54053097960535
50.2734877698512
49.44375772952172
41.34401111094827
56.380591548669905
56.16116006210153
49.97651104167649
49.077827617369486
43.71278948791439
57.78509722487641
46.60201413965499
54.71327508200046
49.756937359986665
44.034434929840415
57.37366319210448
50.78075409414877
47.79566397524596
46.08825901537769
49.02056903072005
49.30358683675308
57.8904712290534
50.0570650550886
47.185614050583766
46.10249506657617
56.643103134036494
51.261546664171384
49.971016811163494
49.30893527389791
44.82274843917907
55.890588581887634
51.254452734699214
48.21693764463647
42.36839317964058
54.805932190621554
55.58489202495382
51.643289474855315
46.38692259735127
53.53720300386994
43.10140467341612
57.79378023411662
51.77886283279762
49.943813208198826
50.20912099104257
43.48582362207881
56.38536010443765
51.54825174277006
49.96577344251191
50.610617094643075
44.516462187192445
54.69561888263799
51.96316850511287
50.26186431285453
48.376251133446985
44.327027074904265
56.797850769657224
51.26154665939154
50.137376412093886
49.925112332303605
43.7038105363367
55.444358812959614
48.836232576194774
54.41436539637764
48.273032268813274
43.683382839515325
56.179775282083824
54.067790198551926
50.21340697773509
48.22740184750337
42.50724748254359
59.01097604246883
45.32208137264361
50.05481001895496
24.46124116289265
49.43153732060729
62.33403562928402
21.57744035447174
52.756528621667464
50.59294936650482
56.85306892653716
53.36891261216903
34.122705247652135
46.37165022757766
57.95824687687564
56.33041166533426
59.53160532622556
41.116899456810884
51.09548725019848
49.474579959167905
54.79872428742774
58.63073774489761
40.37614415941652
46.51660410270028
54.7870154772812
50.51551078826251
52.01885163193048
51.13493999302957
55.83254702385023
58.02214125030644
54.581577628113465
48.05358936113814
50.13410873958797
42.72646092552621
56.732760329508125
53.59286572032252
50.70711065937465
49.33058397390029
42.46789427122022
55.35474086029702
54.3422146603903
50.639065001864886
52.36506831060555
39.24785412254955
60.64869847699635
54.91669138143874
50.60984867474936
49.82660342193428
41.577448391134475
55.944055945467795
54.09352770643166
51.562073002188725
49.02561588771177
39.30771256643689
61.522181820451074
51.5307200374428
51.40780267866274
52.09255805657538
38.807522448586866
61.352704432163485
54.71267637549904
50.96216569025231
49.9001996022275
43.882360169008265
51.66943959241112
54.5771092695113
51.35737543047319
50.09342423575309
45.53174245680865
49.528488785519826
54.25406091335865
51.54559465658095
49.01167948541009
46.35123108926542
49.101925775249505
54.201129551918314
52.20923372739004
49.67709885547602
46.8425761561638
47.236655644816715
56.04313079076855
51.83979430000075
49.273220004295624
48.91673881768556
45.72515523906138
53.90951826082762
52.42903730107406
49.86362299012282
47.22193364528271
47.52512891160138
54.111675673035194
52.321778940157316
50.105220966658045
47.79817697792494
13.64126208946279
59.537276290139125
63.58896095786878
61.30794366963616
56.72632385131223
45.923381429411634
55.33054467143486
51.00271334784777
42.5287600735246
59.32605600313187
50.74493565449642
50.012253003222774
47.746143303830046
45.63646901382382
57.02879954688183
51.075131519000585
50.006250782372376
50.191480494252644
43.29735323326963
56.35866655811923
52.35711742622007
50.04529098619701
39.862395012239475
54.85072375385679
57.41615805965608
51.640889256278776
50.15573355138865
49.864866211988314
43.649633126323536
56.24961328229416
52.235960277246924
49.13860033658735
50.749056069900746
43.83580859441171
48.99559039884707
59.77286311589475
49.990251902852904
49.528488785519826
44.049758609298735
57.05287660309764
50.75369233128232
50.06207697351471
49.8765555275527
45.45392562933979
54.40045261204562
51.02613558387333
48.44022476223261
51.795490684539274
45.13022326185114
46.97151177717781
60.980071711120445
43.6612584919941
55.772448410552215
44.83902789108285
48.02566491507363
61.790567053556366
48.10189905910467
51.416789641981325
44.97009488479407
55.50775720962629
50.2086168056858
51.113507765029446
49.15985802609668
45.58030566014284
54.844406418690916
51.36238732612575
49.36150888177395
50.48082990583716
44.809693233617864
54.18791284006602
51.2641745459367
51.45938825138362
48.950980486362575
45.63292872341693
53.7747162020555
45.93540563489311
57.00149343536176
49.93134440435911
44.416412752973955
55.66038260886818
50.26994962651539
49.69166323084349
51.41388174865667
45.11963471122967
44.965444055505
34.573245149548455
61.17143293764533
62.55708334086158
29.651154171623492
48.21647267519355
50.74519315792935
43.124824806555786
48.26231533775966
57.58643723824648
46.45437019746697
57.42275204350628
49.893726360273455
44.56427282153817
42.96233921418368
59.42653394869433
57.64386467373795
50.3251001497395
43.46918903650871
52.46809939583875
54.96710219109955
50.39179621419232
50.349171506106266
44.40181869870899
53.71319303173605
52.598082275027636
50.961646267849105
49.60145233075606
44.4442469110857
52.18307911615271
54.558945487898285
46.784063475395946
53.04167484296201
43.44935760254071
54.15299303282367
54.64122571266525
49.74802624573898
49.600960275551195
43.257646871863415
54.969519399673175
54.389209181677494
49.78592054056335
49.98050760252743
45.3190004444618
50.92635031061016
54.53038433233232
49.21598929088587
51.528330275800464
43.327931785775405
52.03752946577971
55.91746581854965
46.229092894826344
53.62907982829308
42.278292635804064
55.58025788943474
55.29474865540131
42.476733370266665
60.77143256570826
44.440296682304016
51.76117394541934
54.68544929609487
49.60563520091157
49.25792929289293
45.22942626531106
52.058659700488214
48.77453968698739
56.339615203921625
50.30510043199433
44.79925454202957
50.8279879213682
55.513920118112
49.708706973283206
50.31016215383131
45.49797533800511
49.393692425785716
55.62972852946179
50.279554318607644
49.8149375104645
45.73393823765382
49.654158786915
55.998252852615714
49.568751860510964
50.32332737691096
46.91883978981045
48.21182346971016
55.039711150421645
48.893778269082524
49.862877085854514
50.52495427321722
46.464515051171055
55.56728642652368
50.352720810349446
49.43251472923895
42.70857801882581
52.20623551208481
57.968998180117794
49.96053118317991
44.468160795838365
55.37374509018596
46.1005822507958
56.438504604183414
49.987253252288426
49.027538769091926
45.53485237584697
50.39916135721639
55.94311703855056
47.28847863558096
52.49509170931654
49.49686437240942
45.37019813286847
56.969344795094585
32.15092932280504
59.163895821014364
58.70646182142364
56.76496466590755
57.299037947465976
50.207608460763616
49.91589172103375
41.23269257698177
53.51371021235996
58.025844716143965
50.09844343804872
50.54410731538766
49.26909300853685
44.37029674883898
57.73805399186551
50.04629282178447
50.225764813253406
49.25283449927358
44.47824791308318
57.70173971100108
47.47346233481074
48.67885585018243
54.10523468244032
44.601441518662504
54.390096647976335
52.24223680419948
50.39941536797729
45.76533367482355
47.5719287586542
50.82307977530477
57.30921761273595
50.105220966658045
38.86695065276516
58.265551079268484
57.070784891701884
50.755495551119346
49.51009758586677
51.16528946540619
44.8621610120182
45.34078131033406
61.79476722483502
51.18964740315794
49.736397095538976
44.63747673194942
55.46619335843357
51.08452445503127
49.701048191380295
50.83470587264426
44.42529220690972
55.351983260798896
50.15623667978826
50.71456826410308
50.09769049655197
44.787416526529675
54.95985182974246
51.19488870153526
49.91688838248874
50.17410414263521
44.20338863121826
55.74757497779153
51.25865630825812
48.64073467026758
52.20024011938175
43.6323018668818
56.158636912742736
50.51908358385172
51.01624357435365
50.000750011322175
42.229016402377304
56.28602305394689
48.90142938851952
52.406232148460994
49.7556995139556
42.33485174338579
59.01794145748572
52.57070760060597
50.15648824319738
50.08840603907226
43.51950979514351
54.76241326819838
51.914071831246204
50.72640207617363
40.65288533830834
53.98955842160167
56.05695386482992
22.587793104576843
49.24798329650197
44.04510218291909
60.59027041539001
61.73449229334041
52.50032812720963
50.27525703289187
43.227541130994034
55.48588994030482
52.69953360625686
50.121042316963944
49.99550040598654
44.64524885303236
53.56071642613139
52.59116679142358
50.4225408896856
48.804532964951306
45.32639537367887
52.10775884689529
48.757417222521774
56.66139715419159
49.53413149487797
44.19733224855326
53.80046483548459
53.871183226880426
48.45430758803231
51.99342802907756
42.81188458181268
53.69069862246218
47.58732273739759
44.43595223836984
57.93507795028345
49.715379454657594
47.23263964116442
58.54355348137876
32.75563314955846
62.64211930935007
28.217102384718707
55.45727294656106
52.04592532392125
50.00725105094632
43.62906568431979
53.10307838580842
50.90301956708555
54.27761916602916
49.62065012842994
44.71511997295255
51.32416341514826
54.23993578166863
50.62650297348054
50.155481990974074
44.228413218735845
52.40156366141229
46.38584675255951
59.38065971772397
50.11149808342697
43.85272500685024
52.54391357663599
54.400156675860764
48.458534030530004
52.34533262809204
41.65226192787408
56.51473621654622
53.73050925564059
50.79545685363626
49.82635515224003
44.50675390113849
52.09771447245635
54.83778981627517
50.018757034596916
47.50323022096459
46.564256346784504
50.981391789221306
50.44696006868173
55.835976232854264
48.71727417260135
45.715748617216136
50.419235946484264
55.68827929106354
49.546157199441545
50.496634400097584
42.29510137836288
53.46621470139032
56.471970136156386
50.18795388868152
48.45360325120104
46.22973403953425
52.14498391660777
56.18482560175112
46.62069865839669
53.568750130454
48.82073514457768
45.960106625814795
57.085119621547
50.276520865824345
50.0277654108306
48.006067968486576
45.88629376428701
57.17847116006737
50.17838415289137
49.02609659391613
48.710392363132776
45.83371527869999
56.83206692796292
50.70788203094976
50.145421725532934
48.7509993946066
44.07810640340755
59.04407640249022
25.19253394088891
42.01874876614606
52.73455009607998
56.42672143417635
48.35122328948559
50.1200374864742
42.493519738983224
54.722856097527334
56.37487033820809
44.16356417432267
54.10084397266442
53.77153550016714
44.35533949672664
50.581689426406
42.56623306031353
63.2519070479557
55.42592048457012
44.19108223772689
54.54198369589453
51.86695089433786
48.524844723083476
51.47051254193943
45.60629001936588
54.404004135109865
50.47293136800796
50.37961036227941
50.15120588658071
45.04788590335745
55.455735228523814
49.31671689101112
49.6672295611318
51.368455659327324
45.32577903646845
54.753118188377655
50.96528245176506
50.109489232574475
49.825610362517445
45.00571572627678
55.203175286641
50.90638824470866
50.184931469161384
49.53241401361283
45.29662494646423
54.82606431321616
51.10593237904977
49.04172469861926
50.994390613927635
44.608206126514084
55.124664428594464
47.084526140034036
49.50862688187512
54.592006638692766
43.70266455077617
57.66380846307309
48.231123545067476
43.63344416175497
55.53858543200677
48.6762493973456
55.89464976473509
42.696360563000376
60.62185902426218
51.600119712213136
43.95990856452988
54.13247298851323
53.06391017280918
49.60391275770308
49.5967781937279
43.822937801027265
56.23348141696439
52.365342519179464
50.25681231357641
38.152648747404776
55.586436908523616
58.642427798544524
53.63540794805277
48.337200308146585
20.843842103670323
50.89162120618756
59.69650297732207
60.943651498219644
44.20729685718796
48.36151197537611
54.35521130590803
52.715646529587005
52.82955073711051
46.40155909277828
46.57314778779685
54.403116209524754
54.12016841948207
50.79055498790947
43.49433486290459
47.797263130460976
53.80422793802675
56.71023902894274
47.9096997976485
42.12317659337967
53.17989161902768
57.19286004387289
47.09805343831564
58.11486985368401
49.49220992513203
44.73712465434346
52.399367017651045
53.313713884119785
50.16479134315547
50.658817925124616
41.76533727491681
56.32470063381408
55.1970811818249
49.45402753362902
36.67033370181189
59.01271723574535
47.61723363042872
59.96066580126139
55.030321711722365
50.88540606331248
44.05383378612301
52.57208947704571
15.940522721528037
47.96761227007442
56.88314495278539
57.069482093576035
50.51831794092609
49.85343091590306
43.26925156953158
50.63342413652458
58.690956899549874
49.784681252051335
50.30029275038126
42.07054388732239
53.22178048085581
54.275851590244464
52.49564286121785
49.84448520410782
40.78403223583652
55.40810842520696
49.61400305354042
58.71197665539439
49.58718667441872
40.17338834374519
56.10664751610499
57.25311027588335
50.43398443232415
49.5726834688336
45.00652594912682
48.54958125796691
58.18351079484585
49.43813558572626
51.27731799250375
43.37171730283412
49.94780454547769
57.90991533802646
50.57861940387545
50.009001619518315
45.5570488134285
50.01625528737964
56.02335052768708
50.18115396580417
48.859616552694824
50.176118173076475
45.529254821384114
56.25973996814416
48.586615360403336
50.13008757735082
50.25605459966996
45.69444127134065
56.60270560909091
49.81741915841284
49.72526789575613
48.21391549720336
45.974052245695134
57.08707491808037
50.41974437072912
49.922869164458135
49.141739521716225
45.429146431943465
55.845330771706166
47.42258263162593
53.146258504000464
41.713072460035136
53.32707629070104
54.570854799683254
53.431076582677115
49.82486559506031
49.80997494720571
44.06470461152111
57.0932675643266
51.310732663292015
49.73021359381736
50.12933367981511
44.983041394199184
54.643912940745246
49.34153718397639
49.56801475198053
45.46074464735195
49.40784695580277
56.438504604183414
50.339286793205495
50.07410968081978
47.977508146061865
46.23465009391584
55.99793927725565
50.665234529524774
48.59629599222304
50.79081295453916
44.00962930656576
56.88249782855521
51.16816930589933
50.00550060492758
48.26324705479973
46.33641161272588
55.79921211519518
50.43754570925917
49.84597593462621
49.3832037850358
44.177806836978654
58.05481535544705
50.334979286840365
50.261359067680594
50.47802691770941
43.253717655678955
52.438659878922515
56.29933228669863
44.215506380924424
56.37614161539551
43.69330793397058
48.260452007359014
61.18303516467913
50.88566499905676
49.84920615365309
43.37754951508129
55.370985602524726
51.543469183879054
50.840391672913505
50.59627712791556
45.496319348124196
53.34442897314093
51.63955589953366
49.82461734719939
49.520885432304446
42.69617826778604
56.65273009075852
53.587121943516735
50.3294059607408
49.55597843595742
44.39373693122417
55.12952682158966
44.48497520068928
38.97738921521429
50.533635191607445
57.90488542970476
59.734301826364465
57.91461069945919
49.09686320004816
50.6290661469161
45.7974014553981
52.527077711755545
51.87286996808153
50.31775663528416
49.83107266340641
46.079339407568234
51.99964639895533
52.51411316772446
50.18342040049024
43.4775047416253
49.157683100868766
56.32787327971694
47.1271301464937
56.05758235307705
50.42355788636847
44.94341623590843
52.30043461801838
53.24104885047397
47.687399556966774
53.2489869383973
44.14562759608481
54.23964158396085
53.17932600570637
49.06241720641783
50.214415555582185
43.94561291068219
50.966581210583364
55.71154788944357
51.11533664836023
50.052555181430755
44.16980640318113
53.86073767650578
53.550964454861045
49.93284033045304
49.650460753385495
44.41937217772914
52.04457096953566
55.182765318474104
49.77873353223193
50.41466058041008
44.25973382340065
54.069251896212975
54.01492972569597
50.31294652975951
49.510587839948066
44.95897493317955
52.19179440447546
54.66243215486757
49.46552499852727
48.82264199190935
45.432242351223
52.768220870862635
40.19874258216636
57.12033541153435
62.724632590981436
41.90306981925126
28.62475239591339
40.52783451435017
57.09783142597347
47.62494404288518
50.51474525362737
54.826364901418096
49.87307302772424
50.028015691719645
44.57897388015622
51.3974979706047
54.83448211645173
46.745354678784935
54.90010925334752
42.972862634156606
51.15665190287317
57.52283656584318
49.89970159742151
50.09166775185697
43.69101712781117
46.84520937660227
55.90933741720362
53.410529350945026
51.90598787496046
43.27337086425935
52.70120000603825
56.51824974543306
47.56514045993605
52.22913968173622
45.08708570591593
50.278795923394405
55.79360828127581
47.38123892639868
52.87340520411092
47.240226000110056
47.568534362997035
44.834203117910405
56.50387898901875
56.232532770166884
49.206060217943374
44.664391761406016
45.91937476096149
39.200774608812075
57.04669271532406
61.77415369561416
53.72993186917506
56.852099266016936
49.69635527027991
50.1047188612328
41.63024020775847
54.43213673268345
56.82722251355308
49.88725480209525
49.76089888301519
49.616957088677516
44.81632031130358
57.41022476227772
50.048797579411456
50.233586171441054
49.66057000634842
44.30228334054984
56.2635384147276
48.15262455777358
53.62074050297159
48.89258299277358
44.62353356088843
57.56356456281934
50.33421921870535
49.96477483254255
49.740107937435155
44.28305729948965
57.247866088260835
50.32788617942197
50.51933880022262
49.7879035314237
45.17568825184064
55.30973451380319
50.09643563826336
48.95553369113082
50.16856638335253
44.12108590529865
58.17369501953037
50.6924589916975
49.70697736939025
47.80823161929961
45.80369452427166
51.88794280359839
55.82537821226485
49.45647336070124
40.096874047819625
54.983120179390916
46.00450844368848
61.75927469833631
53.26174954148443
49.976511037133285
44.714520147482226
56.122391711954975
50.425846270813715
50.25226637742328
49.95953277819969
44.727519950593056
55.21048999335596
51.50789358338199
48.46323094637217
22.817505590720234
55.11828383273336
57.25442147738747
48.73579351621204
50.62675927634791
44.65382125116997
55.83691154684493
39.93211540465536
58.55726608153947
58.28796586177958
43.472590534645626
48.265809464279954
34.79495333991988
51.10332069531382
58.20281352495404
59.66836323514088
58.7212852926659
47.72631819772867
49.06530592591043
42.07620842609038
55.143206911290854
51.53390673273985
51.0172846569006
53.17706366758785
46.29222429519113
44.52934706641554
59.077213916573896
49.75842285832854
53.68234011893008
47.87919122588349
44.20123940360341
56.26607099357566
53.314566609877836
40.5829332515505
61.215245048113076
44.66558873644609
62.11218703232574
55.53395901414993
50.66934200666746
49.79335756751097
45.52987670475632
54.572046015199405
51.152465037395174
49.42469653339917
43.58684897692299
47.88308864824703
61.223115401512175
50.67165275495477
50.13486278075633
49.72353713472638
44.75614613938524
55.113423422699
51.610505836081785
49.62606758038874
50.079877405814905
44.58314756843904
55.70099705197412
50.34359503226874
51.25944455655617
49.55573285133757
43.590268911214174
56.557247242848874
51.65529389104335
49.770310020981704
50.06383138276305
44.687145295867346
53.7735595406065
52.5085982859279
47.993626445367816
52.405682872397676
44.44148167972068
51.902216225515275
50.33295247873617
45.964965504074165
59.19366391072306
44.68395041986937
55.830676719619035
49.78641627685106
48.729143923306836
50.66266769738408
43.58191001873055
56.071412552192484
52.536460302796655
49.74654137258977
49.94605825862507
44.75474400109168
54.17440909251112
51.255766273490174
51.14017009385811
50.418473327030476
44.0487884397214
53.59286571509803
53.33930733674254
49.60169835978185
50.262622201959296
44.53747828879933
54.09089433710675
53.31428236492763
44.15069515205352
56.19398162482019
44.63309365571941
53.12423633635586
53.955767061400024
48.78096371906183
51.0631344587676
44.13491159745859
51.90544903503654
53.64662964933666
51.593197953279514
50.422286650393275
43.8141055111579
53.25806194154081
50.64470711953179
51.73252217039333
40.7003720015971
54.102892880809556
56.012053794470845
45.79845018075761
59.855867068597576
49.460631813532586
44.433977771587394
53.13580981953473
54.12192587485434
49.833555919276144
49.96652243299693
44.03986488643769
52.75931201570119
55.06941499656081
49.767337697885196
50.06358074794714
44.5339081165306
52.4689252805559
54.433321899737045
49.45525041914978
49.78691201399372
43.22174918425647
54.36289406242825
54.61854408978515
50.02601352837953
49.14608674322129
43.44463849685822
53.55067768363373
55.715583088080734
50.115013961154574
40.43786115880487
52.58923077643848
55.05486217410825
50.970997500855326
53.85290617032838
50.1205398989675
44.19186339463051
51.90760446185987
54.66900650045968
48.75575317960342
51.45541645365964
43.30541577577075
53.28672521487761
53.850876152369736
47.055944811491216
55.213538360895114
40.40387715697061
57.86903080527007
52.46479612195666
43.174350983916774
63.00442920739464
44.06373378348582
53.30802978926935
53.90544984328497
50.137125035788785
49.927854249616495
44.024741906921264
46.54301738102178
57.485140092686166
50.31193398999618
53.8210235714953
44.50041607869932
51.150895138334846
55.70472042226744
50.14617610247367
49.86039090246983
44.365572316010045
50.76451357732287
56.65016258546315
49.731202849688806
49.88451734209451
44.17995378638621
52.63490325652036
54.65406708309387
51.347354582524915
50.82411299365334
49.26982124907263
44.98000638693791
56.303136087359896
50.18845765913546
45.10538873946477
22.891204970248886
56.70445073034382
50.78152771263019
58.76338336217873
42.58055175739889
53.299789998847444
57.31578706078656
50.11024253334059
35.262920333018464
59.32992779868478
57.039208751632444
57.752725926440256
50.495869437473665
50.24140997513782
49.30674713804325
44.09268281954393
57.18762688141676
49.45427210678474
51.69989246688438
49.3973523034642
42.891762636623405
59.352112340866746
50.62983515049083
41.520307579826195
60.62149153608202
44.716119712982795
57.974039227286056
46.81012409167781
54.53662952827441
50.29118596450132
44.89398286171747
54.30945527680603
51.09809812855463
42.34453204932462
58.630737751150505
46.24149156483757
55.54444666573967
51.02040816423503
44.674967277356686
46.33791460533267
51.661965428319874
57.68043883153721
50.16755965102429
51.64248937720578
49.41663660229842
45.02760192113142
54.25464962485447
51.78502998190123
50.75240439488744
42.290271968013684
50.85719807305112
49.095416943607624
60.368246302807655
50.019007220808
38.38123311323148
57.532102911472926
58.455944681027255
51.8089080232648
48.85412646402994
38.34399935436293
57.89616901182395
58.68682363639974
51.53125112515153
51.14827886195955
49.123634363646126
44.77077363897712
54.49234927319758
51.94697252881893
50.36540098490059
39.623419027236665
54.22228969462897
57.65882122659743
52.05865969555856
50.68269591629064
49.58620313527766
45.368757256731286
53.506265584108064
51.61556725637374
50.338779990299244
45.97362952366722
45.809149921249634
56.571965195603326
53.94063293985394
49.38808167009048
49.99500049716649
43.44501598690217
55.187028845247106
52.459566789284025
50.64470711953179
49.540757179391825
45.397179927790546
53.38201773341566
48.94379294832673
53.88511693140886
46.23486386081883
43.600722027427146
59.367263702638546
53.56846317914658
50.58348044461008
49.29508035333235
44.272862504240926
53.76083953215792
53.6046443046162
49.58792434878868
47.1876179686986
45.63730210650831
54.381814719433066
55.08124483688737
49.41590401527261
49.938575551080426
44.38093040070422
53.269977573595995
54.118703967627276
49.785672676121614
49.50151969967244
44.37797609590143
52.894940069412996
54.61406967681155
49.63419597891762
49.288763146222415
40.919041675136
57.72405592690159
56.113259001279054
50.105723073013266
49.92760497443429
44.31366987917804
51.11821086349439
55.55246930612614
50.10446781686035
49.67438441001487
44.81370941212032
51.58335095577741
50.71173925959351
52.72370668672114
50.67524767694924
44.166489999736356
49.8618825845578
57.7697413647627
44.118166095756486
58.403709807078556
44.65581530463947
47.52535477407399
61.161331361436766
38.49292499993638
59.9700149963137
48.13431398843359
53.38230270108847
55.59045400323031
50.4973993858987
48.696634575300855
46.19407052865913
49.67931999096267
56.02837276713838
50.23030595107926
47.59660921840613
44.51448055933099
52.35519860947069
53.29780146606984
51.12134674174415
49.569734703007626
44.181320136215945
50.50147969392027
57.35457747159723
50.55816210993988
49.562609966644224
40.74830181465483
56.794947523162975
45.45785147722758
62.76833463440163
47.61655341880894
46.993585374108704
51.42075547376583
53.575064025047354
51.76546104472608
49.38710601776471
45.07936221740105
50.88126348273048
54.74382626341594
49.99950000464879
45.57822819364593
45.73833100807428
20.946488007154407
56.638611673438895
66.45798858375578
55.91277606584528
51.6974869889484
54.16883342012938
50.19752726617206
49.949051968642465
45.8951387855313
49.844485208627056
55.111297262501225
50.40602049574718
49.756937359986665
44.923629829829395
51.01286034240028
54.941130580340165
50.570690237329735
35.09584675847233
57.63456229447691
59.696859349409834
56.54285665633733
49.81890826586934
49.726751503681555
45.15447345192867
50.11375823031448
52.49674520475381
54.15416608049281
48.881350297449416
49.67043665398861
45.280216620453054
56.75658801787278
48.27326530027703
48.800484100227614
53.378598384552056
45.234131869462125
55.41025754352346
48.6876250664534
52.13628424840012
49.00039200237742
45.50252993936084
55.99856643719176
48.601019648598765
52.48737678767176
38.59692459667257
58.034600232856064
56.552449564916344
44.52676949606379
59.06779210106203
50.63650081594053
43.771146937686396
56.86276739244172
47.98418441528311
53.307461441793194
48.83718658880179
45.20203047544248
55.189160847388834
51.89494387501857
49.75025372842963
49.63271788859682
44.09676594270373
56.50930708127817
51.538421892888024
49.57612413832357
47.98234249896503
45.54003652470285
56.1557986442805
49.93483504255149
51.024313082741315
50.925831618029896
43.118316663252706
57.343395189118304
51.383236730748116
46.156331493960806
54.775611707099415
44.10804707261453
55.06062174272687
52.02236962121086
48.086170415768
43.17546942598351
51.15874558788543
57.013842962667184
53.35239792066114
46.59137500718987
53.78715347438461
43.52613962429698
54.46445104994892
53.46735817859821
45.296419771140286
56.90353712352693
42.53020708025072
58.496294259738406
49.667969623414514
52.998664432452216
50.53797676256044
42.90133122716825
55.05334669638791
53.23509683237566
48.11879568126133
52.630470938449335
43.60908813488634
54.48641109150036
52.848815392824186
48.17907197251134
51.95722881207649
44.14718671798801
45.0217229819775
53.16038488142901
61.71468068765738
50.19903919368415
42.00692273795379
56.47898699844076
54.08007094871415
49.62926935948642
40.813994303564606
50.77920692789675
57.37399237022241
54.862760801006225
48.579062427892005
46.35810710397568
43.69216249912756
59.7835834273703
54.30857043477031
50.109740331835816
40.14097510673799
51.23817038697212
58.224163024736036
54.79662233830898
32.17689570213805
58.03493703273126
61.917204312853364
30.61502524224766
61.44393241186114
57.33320337360653
62.154653208552624
57.54898857667536
55.78427106647184
55.803882835819195
50.60216577294964
49.05495626685449
44.48833960767136
52.698978164765
54.42858153576692
50.161520096286786
15.39994425201262
64.60532606950967
50.86056068371689
45.54625905793968
45.46033131586116
52.03752946577971
59.18245358414844
51.054270692702964
44.176440704441234
43.59768060390726
56.7601316839672
55.35964392302782
51.948861543643844
50.264390691099024
44.87746209080766
49.140773573515716
57.50166754934183
49.313068951785375
51.146970816994966
44.56606027297258
49.03354875228478
56.74434968470043
51.253927332299384
49.89671379996066
47.48856712791258
46.503408698617704
51.94427418502959
54.47216472574706
49.86312571963861
40.727059463955655
56.419399250153646
47.87048162231521
60.54551509151076
49.89621586925724
47.73224122013654
47.21368441385275
56.21167066985796
21.03792717487064
50.9403590289369
50.163281482484194
62.89466401306137
57.270160527542586
49.39125280861006
50.68372342986645
44.920401050988964
51.7917350755554
55.50313592617178
49.9064254512839
50.08088062207446
42.971016049320454
51.01494227855251
57.91461069945919
49.96252810377821
49.336911901942806
43.29979042758395
59.86016665388059
50.440598629365915
49.96702176337903
49.546893658038506
44.674967277356686
56.6642867627248
50.44568765245565
49.83007943035328
49.594564432743326
44.315044516078416
53.92318103614533
33.292383701728355
60.59173892115442
59.671567694410015
54.04762676721311
58.21026712299178
46.714346443556316
54.663029756813934
43.48393268681145
49.51156837723852
54.08094836053248
53.07742935381585
49.673397413300854
45.9075697004746
48.60550797517089
55.98508557369399
50.54461826115315
49.2467706440224
49.74183985225965
44.342161854972325
58.08685146380333
50.28612806935283
50.34131410688285
48.9797517698576
44.14465320258945
56.4604917690122
50.7387562904623
50.79468281539301
50.0302683096516
44.217265960022274
56.16336800163148
51.69588345810354
49.746293900098635
48.972555780907584
44.49803986106906
53.87437572879641
50.5073462969981
53.612978628830206
49.6223737342296
43.82005731807573
55.72055029674077
52.18008390396623
50.95541401062298
48.541568573641094
44.26717898659444
55.79952346884705
50.738756295145144
50.3177566306787
50.88566499905676
44.65980394227489
52.43536031077585
53.87002241185984
43.75257046372836
59.19751843801543
45.388731793441316
45.48038658276823
60.78473087680325
49.88377081258744
50.59422922257674
44.091905168539405
36.65917597499606
60.220285803365286
62.47813265190813
55.32901398424535
44.664391761406016
53.931032991165374
54.18086656977657
50.13436008564784
24.15318918701169
53.07742935381585
50.01725595623527
50.340553842813534
48.52884797676356
44.05208718641954
56.37010355067643
51.475281570944034
41.540659996634496
62.69553169013566
43.876391430292855
54.364371765220035
52.75931202076443
52.43426054366516
50.03527487235356
44.09715485051121
52.73399391621459
53.497678198267494
50.79313480028891
49.43666915384573
44.17429409645215
53.91969201044549
52.77128397524051
50.38798750572456
40.86469698721855
53.05461973136108
55.46219419613699
38.88130703437374
61.37040105829767
61.295166873876035
43.13840525909758
53.85696666543415
53.22178048600821
51.106193559254876
48.780963714733396
44.07868927585851
53.83956885490259
30.720550511879328
59.48486110459467
61.50326274636284
57.70440342263075
58.881371700460804
44.96969042714377
61.693359330079296
50.600373431335186
43.69158980422673
52.0185810401072
55.325952847222105
50.11626974579016
50.21138995275432
46.03500501690376
50.04854709054388
56.758198725128594
49.76808074199675
50.02301058610814
44.556131813331824
51.33812831442292
55.314017678112926
50.12455953413389
48.970397392593384
46.310446712945286
50.22778299331815
55.281910100565696
48.51636942532929
51.3705667175449
43.67632350191603
52.13574061644649
52.065164758254596
48.635530199942295
54.25376656775589
41.26127464399861
56.38249887302987
56.48090098024792
36.27867829599289
59.58978392860666
54.3767876345437
51.462036457194394
56.43245317424239
49.37954600352286
50.663951078608484
42.81316762025374
53.01355556590641
55.89246289670194
48.83456315357659
50.68192530144029
48.00860314571397
46.5614378166973
57.15984178041558
49.75050123581807
50.315478045968256
40.29025096832398
56.219887225033574
56.62642415419726
48.62252389757891
22.53566832909168
44.35770049784801
58.134127052881524
59.12996174859069
55.269077500603274
49.61449537203413
45.17262719401891
56.61007545882514
49.736891846066854
49.481924249454586
49.64208059943185
45.022939190041704
53.276788901876905
51.78100775898063
51.958848592349554
50.278290337763046
43.2475446199331
58.58676993879799
50.15799769037559
35.14357909336789
63.9611116384048
55.03183592205257
55.93842298234568
50.23257682794466
50.14743345848819
50.396621408902284
43.90721527283783
56.560446147068724
51.049058146071935
47.166919009617224
51.03759429116484
44.160443723250275
58.70198178357369
50.66318103833632
45.73184674329573
53.10505241468351
44.825159463480006
57.64353239765386
51.03915724306948
50.75910237521858
49.81493750595063
44.00420680282609
56.30630630429296
51.38455688842318
49.42469652895574
38.621371523539146
58.03594746806572
56.5630055321617
52.16538513738586
49.90418396231396
50.247468784182686
44.05558052080166
55.30117017484096
51.72048182693976
50.306618842057624
49.93707928133169
42.900595031203245
50.416439794101024
55.56419887372456
48.59133713492184
44.36852496951426
48.76312337620727
48.64546697006923
63.77306990990477
50.486436820713465
37.32067416057236
56.136253912282555
56.78559463122854
55.51053034686015
50.67165275962524
45.65021889009442
43.31742140030007
57.35030137595871
56.86632433611095
52.12677230841691
37.827777692720744
55.074874293507385
56.175041428675364
58.041673924794935
49.70796570101754
48.869167462375486
42.98597797331972
54.22875859750638
55.4004343394273
50.72485822472709
49.00279315926431
41.54601012747298
55.1061344174392
57.48811433236401
50.01550480518815
47.616326688670384
43.484689039808146
54.09264989171578
56.45284211619529
50.28486375337549
37.73399795375556
51.98396814431914
58.331826429216996
57.57814794046485
46.82546743447383
47.536876734969944
44.628313092699955
51.076175006398124
51.49967040573555
50.495869437473665
49.730708212334825
41.502558632896275
57.12033541153435
40.21555537722869
58.188927810759715
58.14325335053918
40.0538323502514
60.61487731681607
58.86785344056379
59.008538536892715
49.31817621074675
41.58349966852292
55.021540931459434
49.706236144213925
46.86980038299947
52.74178151220277
45.03246841105028
51.46918796874858
62.67666986318863
51.01676411031587
42.16811584433959
50.53925383416474
46.036700458037956
52.61717845694729
34.632514391316086
56.85662464517287
57.22951898572592
63.751115649308126
58.14697228766376
53.11153954228509
49.43715795480642
37.2547704747337
51.23633270814336
61.49834569661429
53.49653342383035
53.00400180069471
41.701243946891125
20.899689849069407
56.42130920114807
59.95239779661046
58.20010359498296
26.801460142634937
47.224609690239625
56.545414449777425
45.88166201675719
45.605666046828304
58.54081172948991
50.41262735502252
51.1857171383749
46.19705817034652
36.4220440792307
62.5254009399929
62.58448906470573
53.063347018785144
47.834988425978175
47.7803632281623
52.369181780681835
49.12025621254971
52.38866099859063
46.32782495305916
52.6526400068314
49.32644735921403
41.037594541097896
63.09426914793216
47.56174703701976
44.9575600650413
49.65958355403273
33.97316120221591
137.84357512589102
40.86219225471352
34.49655724426007
75.11229287391672
59.57984295049754
41.18921501512441
41.14227409738216
66.33895224362175
38.60631213266777
76.3073354180202
48.95313716336382
63.171992063305844
45.113324671452695
58.553837327746216
53.781078740099154
50.09141683824956
40.801005335995605
44.76836846150335
33.598989341549974
63.2075292804567
57.46399880740222
64.09968783244642
50.47573379024827
52.42711320927083
57.79044030497931
52.72037115054121
40.01024262208539
58.29272273702429
50.57554975398829
49.276862050025954
55.70720294192449
41.63890739612397
56.02335053339618
53.601483689368
51.58069025002896
50.324846887515086
39.10450679343697
57.86300355750951
55.882780275541265
53.214416849822776
44.88894475122103
43.31441937100096
50.64137298938108
62.720305067753465
30.69716327507259
64.55236165332919
59.24697099674715
59.369730935122206
55.13135044357624
47.22483270531035
57.16343598226174
45.77979005321684
47.05018843517583
53.032110946138474
52.89130308016535
48.3091787460058
47.69035605657858
46.227596949298515
55.838470471240996
55.65883361235658
33.93292817563281
59.16879673926303
51.834957497911944
61.399415475034814
48.80167487331009
56.84725143600331
37.20944078097322
61.09780536050056
52.83680823818658
54.55239757452236
50.057816780472
47.37809615683331
51.11298525300928
50.835222710597996
45.83434550718018
57.13371575023085
42.55536453054166
56.66332353102697
34.850005576062365
63.42079060095508
59.708978441778086
31.88460324310873
63.396264692863184
59.082100483933075
62.618191841575765
53.39512929754313
49.54002090320585
49.087705001573255
52.94254674848342
51.027177074929945
45.416560696610986
53.614703292642005
49.306504021859446
51.38482092425626
51.00323360773825
50.49459455281516
46.84433160090134
49.17992475335852
52.57595911558238
50.24241967823667
50.306618842057624
48.144974145904726
50.667031469121824
50.79236082811922
51.80434534753894
48.34467821829157
48.564906997206954
44.13296379588656
54.31594498521107
49.229072724138575
40.761091090701576
66.93754058428262
43.66087723478914
58.08685145766591
59.437483655831144
32.78011427189173
61.91758769216535
59.626736626865366
59.95275722396435
49.947555071044185
28.636228264536033
60.50741518070456
61.8712335924585
59.52664412376629
64.2950370671734
49.42738375842966
51.17523937428413
42.03252476699291
61.3177177531257
49.0405221823182
51.37848474586088
38.24325771331652
52.4125496633628
54.651378856243504
59.776436125838444
50.36413267960239
49.84597593462621
41.52634223462701
60.49204227159896
51.16398055978709
47.05107393862284
43.86542088943001
53.05856073311553
51.77993527367633
55.010039336378064
51.17445370882621
44.74873585169131
49.33277422597654
51.354474258253546
55.78862804481145
50.53618896516384
38.442169522951005
59.61180790777622
47.50616392378815
60.910984686471295
50.45179583395365
36.975958232642505
56.274620145102936
54.447844410000435
44.16961130537754
63.091482650745895
52.83904171193155
43.32305133081853
60.4423168684631
49.01047844207308
51.175501263367245
49.67018993810771
42.49442260808183
61.21599451742457
50.49331973252982
50.02100882335706
42.48593715363496
45.04666835085427
46.1804176560601
58.110817324294686
56.94663531169504
55.730487360283405
38.02613916775496
55.23214069156925
49.95454136541638
51.45038639187188
45.265869080821744
49.83653616207307
49.0354722603864
54.03156524410383
52.613856385624885
53.8010437388599
45.816915604934024
50.13084149756268
63.932078556099114
49.82412085438319
49.962028858663125
40.73087481800046
61.44355487562312
47.981882043027134
54.17470257765736
50.162526586230896
40.19034145665817
59.30775982811698
52.74372877060325
51.8115923261949
48.56702978845614
42.094097143041076
60.44304753759309
49.966772096940495
52.22150272747089
49.79335756751097
42.587986779835575
58.372686249298624
51.51452709757702
51.24683551135693
49.74951120753412
39.54304062208848
61.565360868130135
52.913972465319475
50.90146494171447
50.07235455113613
46.81604105153589
51.55622464037497
48.75456464644091
52.40046531651067
50.80294047414771
46.737052666760135
50.65394239453572
51.48137661137162
51.374789364166055
50.0145042063993
47.04399083612466
50.8375486138003
50.88462928131041
52.120251842985134
50.028015691719645
45.57345072985796
52.07058688746089
51.33812831442292
50.218198068475196
50.66831507611359
42.935776665062406
49.41614821149571
57.042462409655016
46.71412821989772
57.625262917106795
48.44585691010588
37.69715612439569
59.88992232428507
61.646960191177605
50.57120172068794
46.74251418697739
49.570963313173756
50.84892276793597
52.18471300913837
51.02587522130406
47.570797236866134
48.713002478153136
50.0455414424725
51.88067444725595
51.015202529561456
48.23461316062858
48.50977957076027
50.31826301035148
53.84275761075958
49.919131008356544
48.10490718378034
48.18580446039071
51.295730146216975
51.58867319084827
51.727972933497895
46.95254506177485
46.93139100182692
50.87789812938719
55.19799520816748
50.504285291977766
49.273705578403835
46.62091600606576
49.44057984108941
55.624158684125376
50.094678943179986
47.61814060673651
47.77648250560961
51.04514943454636
53.829425315791156
46.42568640371366
54.64271858573054
43.850225171376515
57.67278767287414
49.089150803684866
50.85719807305112
50.18014672822774
45.54501441676706
51.607575990739946
53.87727833451528
49.91863263014197
49.816922809042715
43.410125843573745
58.80070090729599
42.23044308032399
55.68827929106354
53.963046102431605
43.96647995764033
52.963296435668774
52.68287543293171
34.745868716258386
61.40130047765232
48.28608539893642
58.82041538554745
58.168957555913636
49.98225629918928
41.59751080585403
56.0428167125994
50.16881807045878
52.17300568582426
52.50611696675086
52.49977687190965
40.036353009187025
61.20063403983419
46.69907582470814
54.88263348888296
48.72202137803832
47.54998692363673
48.08640164661912
57.043438580629534
49.920626202710636
41.79501218270097
56.257207959179794
47.38999597086024
53.82855604637148
54.16032539995103
36.2994852720404
56.92524008213584
58.2618169529756
46.37509100959477
61.05117920855202
50.38214859615418
43.11924627484308
58.68200223283132
50.159255634715585
50.04679375234185
44.91293627288974
51.29862468477456
49.08842789417484
22.48231765739241
45.02091221187566
69.50139698144733
50.038028899182315
59.184204924343064
47.489920262869106
53.5065518746579
43.020744604734254
58.1253414881753
49.578582053094124
51.84301933297596
50.3056065615663
42.802905462169
58.83183508349812
49.742582135176704
48.112776346728104
52.64183025297193
42.27185877706934
59.66943134998888
50.79003905781896
49.786168407473156
48.77501548639605
45.99604433918236
49.91713755520442
55.57160957470542
44.52379574387181
58.10271397313349
42.52152652316737
59.55535968830321
50.875827368323186
45.16956655099729
56.228422341042595
42.06417310480956
56.691270675194495
51.48323191039129
22.140989392994697
53.70165508361438
62.556692001462245
50.30105179424563
51.536031416854456
50.51500043080823
42.08825064283318
58.23942226717631
50.467582146042766
51.00635539472028
49.74951120753412
41.07231602828691
39.93753768966734
59.584457989338006
62.85197103984986
55.20378477058012
43.657446216082064
57.0645971214169
51.115075369942204
50.92842519131378
49.85641352740844
42.773978023207285
56.63732853147576
51.371622316523066
51.79736869328837
48.266275389998015
44.74373028293609
56.15359130557977
51.130756680631556
50.5543282124095
49.55155839237459
39.56870115876429
58.916756512841374
55.70875463189975
49.93184303643119
49.076141632381535
42.717882558768274
56.87538035718339
51.49887474715433
50.30130481702615
41.21094233038931
55.29841791007434
48.89234394800319
60.17535097123392
50.62522148874563
50.0112525299885
41.547908894199786
59.51459892747444
50.878415850701074
51.91272433034011
49.8171709802343
42.74161836880141
57.664473492719466
50.70531087583401
50.731291566154766
41.53203365954456
53.02536202826777
48.58897613509677
59.96354216667286
50.28992139417873
49.87879453071914
41.117068518735415
61.586214537770026
51.8148138559232
49.75000621900174
50.19777924853002
40.94735807782075
61.68955349300033
49.809726843191925
51.32310977043901
50.40424201736859
44.449778420666846
54.33010974372112
50.828504627426476
50.570690237329735
51.169740265496145
40.07550224437938
63.419986173013406
50.16428804311461
51.74671020681596
49.742582135176704
40.234486588177
63.05846150240537
43.6458228767215
60.52059818303134
51.188861304776566
38.51160354501155
64.89503228609927
50.37681860316245
52.578723493334955
35.57921177786663
58.10440199157064
54.20347986030604
56.59725956560341
53.371476145665
50.71276795581482
45.54314757688955
52.677325045145714
47.097387978694634
55.95469907836648
49.784681252051335
46.29200999754839
51.60571172393957
51.31125922617342
51.78502998677919
50.069847435134285
47.475941565246295
50.056313352282395
49.996500249072476
52.491233960006255
49.54492982305049
46.68054634622696
50.98763040303904
50.152966548487555
52.96974897455996
49.46430161373977
49.62409745977456
48.01436590006639
51.43292118545039
50.79597289380217
50.55075042548942
48.00145924429622
47.435179826351224
52.7562502958853
43.863496798029914
56.40826042580186
51.40965267842404
42.919375951213006
57.90287372322043
45.8459027504776
59.58339291443428
48.14937863182893
48.47967732025341
20.993848802242486
57.035955470678346
61.8471262675284
22.638673192849897
33.92498507261676
62.072475822059005
64.3811363286799
58.76131155087843
59.27085000437287
56.12522661010991
49.57612413832357
49.41565982146295
46.65267086417691
51.35341936867405
53.310019085368765
48.356133248554926
51.763049466424704
45.59256658919527
50.38798750110624
55.31799549932799
49.23876863429038
50.82617955168676
43.206996076633025
58.61939598123198
50.1786359476757
50.066839228225824
48.92032835328815
46.05599487936811
48.48931537676274
57.80146353761906
49.930845777710964
